TARA_23	TARA_25	TARA_26	TARA_78	TARA_80
3871142	1	1	1	0	0
4998540	0	0	0	1	0.987012987012987
3221159	0	0	0	1	0.983870967741935
5742081	0.222222222222222	0	0	1	0.986666666666667
5146747_1	0.823529411764706	1	0.846153846153846	0	0
5146747_2	0.823529411764706	1	0.846153846153846	0	0
5396289_1	0	0	0	0.7	0.941176470588235
5396289_2	0	0	0	0.7	0.941176470588235
5132254	0.333333333333333	0	0	1	0.96
6200032	0.1	0	0.153846153846154	1	0.948275862068966
1138241	0.111111111111111	0	0.0769230769230769	1	0.941176470588235
265696	1	1	1	0.214285714285714	0.0909090909090909
2753996	0.818181818181818	1	1	0	0.0921052631578947
3516014	0.0909090909090909	0.153846153846154	0	0.933333333333333	0.933333333333333
2909966	0.916666666666667	0.789473684210526	1	0	0.0625
5242539_1	0	0	0	0.636363636363636	0.898550724637681
5242539_2	0	0	0	0.636363636363636	0.898550724637681
1953180	1	1	1	0	0.152777777777778
2709689	0.941176470588235	0.933333333333333	1	0	0.133333333333333
672178	1	1	1	0.0833333333333333	0.214285714285714
2244978	0.222222222222222	0.142857142857143	0.3	1	0.962962962962963
3227192	0	0	0	0.888888888888889	0.843373493975904
2110644_1	0.888888888888889	0.95	1	0.0666666666666667	0.134146341463415
2110644_2	0.888888888888889	0.95	1	0.0666666666666667	0.134146341463415
2169568	1	1	1	0.111111111111111	0.191176470588235
903134	1	1	1	0.230769230769231	0.194444444444444
623461	1	1	1	0	0.253968253968254
2547582	0.230769230769231	0.352941176470588	0.666666666666667	1	1
1417520	0.666666666666667	0.5	0.8	0	0
236644	0.833333333333333	0.842105263157895	1	0	0.140845070422535
5066129	0.882352941176471	0.470588235294118	0.888888888888889	0.133333333333333	0.0384615384615385
416105_1	0.941176470588235	0.941176470588235	1	0.222222222222222	0.215384615384615
416105_2	0.941176470588235	0.941176470588235	1	0.222222222222222	0.215384615384615
3041466	0	0	0.363636363636364	0.882352941176471	0.827160493827161
4597574	0	0.266666666666667	0	0.923076923076923	0.773584905660377
920579	0.230769230769231	0.846153846153846	1	1	0.964912280701754
2488122	0	0.0625	0	0.466666666666667	0.789473684210526
3406714	0.944444444444444	0.888888888888889	0.6	0.333333333333333	0.116883116883117
6034999	0.153846153846154	0.153846153846154	0	0.866666666666667	0.823529411764706
4660215_1	1	1	1	0.333333333333333	0.28125
4660215_2	1	1	1	0.333333333333333	0.28125
2302405	0.2	0.428571428571429	0.6	1	0.968253968253968
2413528	0.5	0	0.166666666666667	1	0.792452830188679
636136	0	0	0	0.714285714285714	0.730769230769231
3706016	0.888888888888889	1	0.846153846153846	0.0833333333333333	0.226666666666667
6516092	0	0	0.0769230769230769	0.428571428571429	0.757575757575758
1451818	0.75	0.473684210526316	0.285714285714286	0	0
1302082	0.333333333333333	0.5625	0.5625	1	1
1190287	0.461538461538462	0.55	0.866666666666667	0	0.0689655172413793
4700167	1	1	1	0.384615384615385	0.306122448979592
3390927	0.615384615384615	0.210526315789474	0.615384615384615	0	0
2902399_1	0.333333333333333	0.428571428571429	0.7	0.0526315789473684	0
2902399_2	0.333333333333333	0.428571428571429	0.7	0.0526315789473684	0
3011858	1	1	1	0.272727272727273	0.403846153846154
124728	1	1	1	0.75	0.342857142857143
5773595	0.818181818181818	0.944444444444444	1	0.363636363636364	0.333333333333333
3153438	1	1	1	0	0.507462686567164
815157	1	1	1	0.466666666666667	0.333333333333333
3176059	1	0.833333333333333	0.466666666666667	1	0.985074626865672
2189785	0.916666666666667	1	1	0.6	0.351351351351351
1338202	0.916666666666667	0.4	0.384615384615385	0.916666666666667	0.945205479452055
5665483	0.1	0.636363636363636	1	0.9375	0.784615384615385
6335693	1	1	1	0.142857142857143	0.453125
3355342	0.133333333333333	0.0625	0.727272727272727	0	0.0675675675675676
1692145	0	0	0	0.75	0.59375
3033841	0.384615384615385	0.777777777777778	0.846153846153846	1	1
3108630	1	1	1	0.333333333333333	0.426666666666667
1482198	0.428571428571429	0.888888888888889	0.75	1	0.964285714285714
2415433	0	0.0769230769230769	0.1	0.692307692307692	0.574468085106383
2840277	0.769230769230769	0.928571428571429	0.857142857142857	0.357142857142857	0.213333333333333
4095950	0.272727272727273	0.235294117647059	0.384615384615385	0.666666666666667	0.87719298245614
706013	0	0	0	0.181818181818182	0.573529411764706
2088398	0.909090909090909	1	0.866666666666667	0.5	0.468085106382979
1330454	0.0909090909090909	0.230769230769231	0	0.384615384615385	0.7
3645525	0	0.285714285714286	0	0.75	0.666666666666667
6189769_1	0	0	0	0.769230769230769	0.426470588235294
6189769_2	0	0	0	0.769230769230769	0.426470588235294
2113189	0	0	0	0.538461538461538	0.509433962264151
3220319	0.416666666666667	0.3125	0.769230769230769	0.333333333333333	0.0819672131147541
1390797	0	0	0	0.2	0.555555555555556
5030844	0.538461538461538	0.9375	0.923076923076923	1	1
4562378_1	1	1	1	0.5625	0.472727272727273
4562378_2	1	1	1	0.5625	0.472727272727273
1291757	0.7	0.235294117647059	0.153846153846154	0.538461538461538	0.741935483870968
5452353	0.230769230769231	0	0	0.636363636363636	0.557692307692308
3660907	0.933333333333333	0.933333333333333	1	1	0.849056603773585
3159343	0	0.133333333333333	0	0.555555555555556	0.531914893617021
2493282	0.5	0.176470588235294	0.0909090909090909	0.142857142857143	0
825545	0.916666666666667	1	0.916666666666667	0.727272727272727	0.419354838709677
4355787	1	1	1	1	0.608695652173913
1579345	0	0	0	0.333333333333333	0.524590163934426
382168	0	0	0	0.0714285714285714	0.473684210526316
1489899	0.307692307692308	0.428571428571429	0.3	0.733333333333333	0.884057971014493
3139300	0	0	0	0.384615384615385	0.12
3155384	1	1	1	0.444444444444444	0.615384615384615
960608	0	0	0	0.133333333333333	0.450980392156863
4842564_1	0	0	0	0.583333333333333	0.454545454545455
4842564_2	0	0	0	0.583333333333333	0.454545454545455
6469860	0.571428571428571	0.285714285714286	0.1	0.0625	0.0555555555555556
3971273_1	1	1	1	0.6	0.460526315789474
3971273_2	1	1	1	0.6	0.460526315789474
5161819	0.363636363636364	0.5	0.8125	1	0.910714285714286
4752415	0.0769230769230769	0	0	0	0.2
3096690	0	0.533333333333333	0.615384615384615	0.727272727272727	0.728813559322034
2375017	0.666666666666667	0.75	0.666666666666667	0.384615384615385	0.157894736842105
3520536	0.764705882352941	0.166666666666667	0.545454545454545	0.133333333333333	0.294117647058824
6459536	0	0	0	0.666666666666667	0.326923076923077
1718232	0.846153846153846	0.714285714285714	0.666666666666667	0.0769230769230769	0.407407407407407
3890802	0.384615384615385	0.666666666666667	0.777777777777778	0.263157894736842	0.171875
669860	0	0.133333333333333	0	0.5	0.538461538461538
3101648	0.733333333333333	1	1	1	1
1188365	1	1	1	0.5	0.595744680851064
6344100	0	0.142857142857143	0	0.666666666666667	0.230769230769231
1655592	0.818181818181818	1	1	0.461538461538462	0.931506849315068
5715164	0.375	0.5625	0.636363636363636	1	0.888888888888889
2217685_1	0.909090909090909	1	1	0.466666666666667	0.56
2217685_2	0.909090909090909	1	1	0.466666666666667	0.56
2943212	0	0.2	0.111111111111111	0.846153846153846	0.365079365079365
4658718	0	0.05	0	0.3	0.404255319148936
284631	1	1	1	0.333333333333333	0.631578947368421
2133292	1	1	1	0.4375	0.808219178082192
1509725	0.272727272727273	0.684210526315789	0.111111111111111	0	0.320754716981132
4464035	0	0	0	0.454545454545455	0.375
5572523	0	0	0.0833333333333333	0	0.403225806451613
1472062	0.5625	0.9375	0.642857142857143	0.777777777777778	0.982758620689655
4851732	1	1	1	0.777777777777778	0.551020408163265
4907813_1	0.666666666666667	0.789473684210526	0.916666666666667	0.615384615384615	0.333333333333333
4907813_2	0.666666666666667	0.789473684210526	0.916666666666667	0.615384615384615	0.333333333333333
5067119_1	1	1	1	0.8	0.579710144927536
5067119_2	1	1	1	0.8	0.579710144927536
1495732_1	0.111111111111111	0.470588235294118	0.0833333333333333	0	0.151515151515152
1495732_2	0.111111111111111	0.470588235294118	0.0833333333333333	0	0.151515151515152
3678667	0	0	0	0.333333333333333	0.378378378378378
4626986	0.117647058823529	0.1875	0.214285714285714	0.588235294117647	0.125
198205	0	0	0.153846153846154	0.5	0.423076923076923
908571	1	1	1	0.666666666666667	0.58695652173913
4118405	0	0.0555555555555556	0	0	0.126984126984127
2472733	0.928571428571429	1	0.777777777777778	0.421052631578947	0.602739726027397
1411949	0.3	0.1875	0.363636363636364	0.375	0.703703703703704
3015173	1	0.866666666666667	1	0.4	0.532258064516129
4813482	0	0	0	0.6	0.25
1780008	1	1	1	0.7	0.644067796610169
3958176	1	1	1	1	0.666666666666667
6022814	0.181818181818182	0.727272727272727	0.333333333333333	0.117647058823529	0.274193548387097
2443148	0.176470588235294	0.266666666666667	0.0769230769230769	0.666666666666667	0.635135135135135
3675017	0.9	1	0.9	0.583333333333333	0.666666666666667
2810870	1	0.928571428571429	1	0.555555555555556	0.641509433962264
4953236	1	1	1	1	0.673076923076923
1143759	1	1	1	0.588235294117647	0.569444444444444
1155478	0.461538461538462	0.55	0.8	0.8	0.826666666666667
4775893	0.666666666666667	1	1	0.666666666666667	0.666666666666667
4361837	0	0	0	0.555555555555556	0.329268292682927
1821081	0.0909090909090909	0.375	0.0666666666666667	0	0.0779220779220779
1164023	1	1	1	0.615384615384615	0.608695652173913
1566489	1	1	1	0.818181818181818	0.614035087719298
3437786	0	0	0	0.0666666666666667	0.253968253968254
3380622	0	0.166666666666667	0.1	0.333333333333333	0.408163265306122
2258771	0.916666666666667	1	1	0.416666666666667	0.689655172413793
4143406	0	0.153846153846154	0	0	0.283582089552239
2698099	0.777777777777778	0.4	0	0.333333333333333	0.222222222222222
2272680	0.5	0.9375	0.692307692307692	0.833333333333333	0.953125
2265413	0.833333333333333	0.8125	0.818181818181818	0.357142857142857	0.802816901408451
3068353	0	0.0555555555555556	0	0.1875	0.38961038961039
3725601_1	1	1	1	1	0.685714285714286
3725601_2	1	1	1	1	0.685714285714286
5320722	1	1	1	0.933333333333333	0.882352941176471
3632400	0.166666666666667	0.2	0.5	0.0769230769230769	0.171428571428571
3406830	0.75	0.916666666666667	1	1	1
1039707	0.0714285714285714	0	0	0.533333333333333	0.269230769230769
2199200	0.545454545454545	1	0.642857142857143	0.888888888888889	0.765957446808511
3303798	0.0555555555555556	0.166666666666667	0	0.2	0.228070175438596
570771	1	0.666666666666667	0.666666666666667	1	0.84
5423283	1	0.9	0.923076923076923	0.444444444444444	0.596774193548387
459799	0.166666666666667	0.352941176470588	0.2	0.5	0.671428571428571
4249655	0	0.0625	0	0.5	0.205882352941176
3768707	0	0.125	0	0.181818181818182	0.173913043478261
5381208	1	1	1	0.846153846153846	0.647058823529412
3104928	0.0833333333333333	0	0.0833333333333333	0.444444444444444	0.288888888888889
4266135	0	0	0	0.2	0.359375
3711529	1	1	0.909090909090909	1	0.765957446808511
2761325	1	1	1	0.909090909090909	0.623376623376623
3114023	0	0	0	0.0588235294117647	0.25
1347487	0.25	0.5625	0.333333333333333	0.133333333333333	0.116883116883117
4658853	0	0	0	0.428571428571429	0.0972222222222222
730151	0.1875	0	0	0	0
945605	0.7	0.357142857142857	0	0.111111111111111	0.36734693877551
6186440	1	1	1	0.8	0.643835616438356
5342207_1	1	1	1	0.666666666666667	0.803921568627451
5342207_2	1	1	1	0.666666666666667	0.803921568627451
2501943	1	0.80952380952381	0.866666666666667	0.769230769230769	0.590909090909091
5028430	0.307692307692308	0.625	0.5	0.933333333333333	0.68
2795482	1	1	1	0.777777777777778	0.660714285714286
6598996	1	0.941176470588235	1	1	0.742424242424242
6070438	1	1	1	0.769230769230769	0.652173913043478
4850639	0	0.05	0.375	0	0.121212121212121
1362895	0	0	0	0.210526315789474	0.375
4699858	1	1	1	0.666666666666667	0.617283950617284
3249024	0.916666666666667	1	0.923076923076923	0.615384615384615	0.764705882352941
5856693	1	0.714285714285714	0.909090909090909	1	0.733333333333333
3498150	1	1	1	1	0.704918032786885
2008133	0.3	0.866666666666667	0.692307692307692	0.642857142857143	0.851851851851852
2457116	0.4	0.466666666666667	0.888888888888889	0.583333333333333	0.254545454545455
1574838	1	1	1	0.545454545454545	0.7
5285145	1	0.947368421052632	1	0.4	0.653846153846154
1749250	0.5	0.944444444444444	0.8	0.533333333333333	0.792207792207792
4610459_1	0.166666666666667	0.307692307692308	0.111111111111111	0.117647058823529	0.538461538461538
4610459_2	0.166666666666667	0.307692307692308	0.111111111111111	0.117647058823529	0.538461538461538
1534235_1	0.833333333333333	0.9375	1	1	0.692307692307692
1534235_2	0.833333333333333	0.9375	1	1	0.692307692307692
751184	1	1	1	0.714285714285714	0.66
4653952	0.785714285714286	0.526315789473684	0.307692307692308	0.357142857142857	0.470588235294118
3628601	1	1	1	0.631578947368421	0.588235294117647
3871004	0.0588235294117647	0.105263157894737	0	0	0.317460317460317
3155481	0	0	0	0.272727272727273	0.3125
4796053	0	0	0	0.4	0.277777777777778
1739326	0.1	0.5	0.0833333333333333	0.3125	0.25
4481954	1	0.647058823529412	0.833333333333333	0.615384615384615	0.482758620689655
2856521	1	1	1	0.533333333333333	0.7375
6212944	1	1	1	0.9	0.753846153846154
1317092_1	0	0	0	0.4375	0.325
1317092_2	0	0	0	0.4375	0.325
1317092_3	0	0	0	0.4375	0.325
2421756	1	1	1	0.555555555555556	0.694915254237288
2423332	0.0666666666666667	0.25	0.4	0.411764705882353	0.215686274509804
6107669	0.125	0.333333333333333	0.181818181818182	0.545454545454545	0.533333333333333
5516219	0	0	0	0.266666666666667	0.333333333333333
3001703	0	0	0	0.5	0.276315789473684
2912382	0	0	0.166666666666667	0.0833333333333333	0.216666666666667
5299561	0	0.111111111111111	0.266666666666667	0.0769230769230769	0.148148148148148
3213770	0.153846153846154	0.6875	0.142857142857143	0.3	0.395833333333333
707489	1	1	1	0.857142857142857	0.677966101694915
206028	0.888888888888889	0.8	0.6	0.705882352941177	0.735294117647059
3839924	1	0.588235294117647	0.916666666666667	1	0.764705882352941
3516034	0	0	0.0833333333333333	0	0.109375
733695	1	1	1	1	0.792207792207792
5581920	0	0	0	0.416666666666667	0.230769230769231
5165073	0.5	0.133333333333333	0.2	0	0.272727272727273
2231202	0	0	0	0.142857142857143	0.333333333333333
2811781	0.0769230769230769	0	0	0.428571428571429	0.307692307692308
4030909	0.8	0.941176470588235	0.9	0.5	0.574074074074074
1797328	1	1	1	0.785714285714286	0.80952380952381
266608	0.214285714285714	0.6	0.733333333333333	0.533333333333333	0.769230769230769
115861	0.25	0.125	0.0714285714285714	0.111111111111111	0.192307692307692
2477360	0.266666666666667	0.25	0.2	0.769230769230769	0.528571428571429
588855	0.125	0.533333333333333	0.166666666666667	0.142857142857143	0.410958904109589
3351269	1	0.923076923076923	0.769230769230769	0.916666666666667	0.583333333333333
5634415	1	1	1	0.769230769230769	0.652777777777778
3135164	1	1	1	0.727272727272727	0.732394366197183
913695	1	0.727272727272727	0.909090909090909	0.846153846153846	0.711538461538462
3701241	0	0.0714285714285714	0.0833333333333333	0.285714285714286	0.338235294117647
1327003	1	0.928571428571429	1	0.75	0.849315068493151
6455513	0.333333333333333	0.578947368421053	0.1	0.75	0.369230769230769
658434	0.642857142857143	0.470588235294118	0.538461538461538	0	0.339622641509434
221881	0	0.166666666666667	0	0.4	0.323076923076923
2762788	0	0	0	0.266666666666667	0.123287671232877
5012683	1	1	1	0.923076923076923	0.830188679245283
6034392	0.2	0.272727272727273	0.222222222222222	0.615384615384615	0.553571428571429
304002	1	1	1	0.8	0.821428571428571
1216089	0.0588235294117647	0.363636363636364	0.2	0.0666666666666667	0.204081632653061
4358968	0.3	0	0.214285714285714	0.444444444444444	0.472222222222222
2982094	0.818181818181818	0.75	0.857142857142857	0.9	0.673469387755102
5266657	1	0.909090909090909	1	0.722222222222222	0.58974358974359
6298807	0.1	0.666666666666667	0.25	0.230769230769231	0.428571428571429
4594415	0.363636363636364	0.315789473684211	0.0769230769230769	0.230769230769231	0.384615384615385
6477285	0.75	0.571428571428571	0.461538461538462	0.769230769230769	0.814814814814815
1468673	0.2	0	0.111111111111111	0.166666666666667	0.39344262295082
915779	0.6	1	1	1	0.863013698630137
2985127	0	0.0476190476190476	0	0	0.166666666666667
3619281_1	0	0	0	0.0666666666666667	0.295774647887324
3619281_2	0	0	0	0.0666666666666667	0.295774647887324
3232774	1	1	1	1	0.775510204081633
6333885	0.125	0.210526315789474	0.0909090909090909	0.214285714285714	0.457142857142857
5646547	0	0.0555555555555556	0.153846153846154	0.416666666666667	0.323076923076923
4759011	0	0	0	0.0833333333333333	0.129032258064516
6013389	1	1	1	1	0.76271186440678
4517263	0.375	0.461538461538462	0.1875	0.25	0.162162162162162
2118836	0	0	0	0.416666666666667	0.191176470588235
4713276	1	1	1	0.6	0.794871794871795
4492311	0	0.0625	0	0.117647058823529	0.2125
1061645	0.4	0.8125	1	0.5	0.694915254237288
1985599	0.5625	0	0.4	0.166666666666667	0.266666666666667
2749296	0	0.0714285714285714	0.230769230769231	0.333333333333333	0.343283582089552
2050010	0.882352941176471	0.5	0.846153846153846	0.8	0.777777777777778
2250337	0	0.25	0.615384615384615	0.2	0.380952380952381
1352878	0.555555555555556	0.666666666666667	0.272727272727273	0.705882352941177	0.685185185185185
738032	0.588235294117647	0.55	0.916666666666667	0.352941176470588	0.363636363636364
3620788	0	0.0588235294117647	0	0.166666666666667	0.245901639344262
4461534	0.142857142857143	0.0625	0.230769230769231	0.461538461538462	0.465116279069767
1510637	0.142857142857143	0.533333333333333	0	0.25	0.222222222222222
3459682	1	0.9375	1	0.785714285714286	0.657142857142857
1002310	0.923076923076923	0.933333333333333	1	0.611111111111111	0.617283950617284
4678489	0	0	0	0.214285714285714	0.293103448275862
4210742	0	0	0	0.444444444444444	0.210526315789474
662402	1	1	1	0.923076923076923	0.741379310344828
1752625	0.6	0.684210526315789	0.833333333333333	0.538461538461538	0.402298850574713
4963659	0	0	0	0.0588235294117647	0.207792207792208
1294147	0.333333333333333	0.307692307692308	0.333333333333333	0.307692307692308	0.5625
5515874	0.214285714285714	0.25	0.166666666666667	0.272727272727273	0.264150943396226
4875230	0	0.0714285714285714	0	0.0555555555555556	0.148148148148148
2428277	0.529411764705882	0.421052631578947	0.222222222222222	0	0.242857142857143
666469	0.0625	0.65	0.5	0.4375	0.5
1978487	0.0909090909090909	0	0.357142857142857	0.0769230769230769	0.241379310344828
3946467	0.928571428571429	1	0.916666666666667	0.733333333333333	0.779220779220779
2976677	0	0	0	0.25	0.161764705882353
2149854	1	0.538461538461538	0.636363636363636	0.769230769230769	0.8
308073	0.333333333333333	0.6875	0.615384615384615	0.461538461538462	0.711538461538462
5633203	1	1	1	0.6	0.785714285714286
1263762	0	0	0	0.142857142857143	0.285714285714286
2593220	0.785714285714286	0.941176470588235	0.857142857142857	0.636363636363636	0.553571428571429
145846	0.230769230769231	0.235294117647059	0	0.214285714285714	0.26
2947188_1	1	0.928571428571429	0.818181818181818	0.647058823529412	0.584905660377358
2947188_2	1	0.928571428571429	0.818181818181818	0.647058823529412	0.584905660377358
2922237	0	0	0	0.333333333333333	0.303030303030303
1515661	0.785714285714286	0.555555555555556	0.727272727272727	0.818181818181818	0.730769230769231
2483007	0.444444444444444	0.722222222222222	0.230769230769231	0.615384615384615	0.680555555555556
3405294	0	0.0833333333333333	0.384615384615385	0.181818181818182	0.163636363636364
27683	0.818181818181818	1	1	0.611111111111111	0.606060606060606
1910538	0.142857142857143	0.263157894736842	0	0.533333333333333	0.153846153846154
6426675	1	1	1	0.727272727272727	0.708333333333333
1436204	0.666666666666667	0.3125	0.333333333333333	0.0666666666666667	0.333333333333333
5745974	0.0588235294117647	0	0.166666666666667	0	0.283582089552239
2647989	0.307692307692308	0.411764705882353	0.0714285714285714	0.6875	0.3875
96776	0	0.176470588235294	0.0833333333333333	0.294117647058824	0.22972972972973
4932111	0	0	0	0.333333333333333	0.211538461538462
798845	0.9	0.823529411764706	0.9	0.842105263157895	0.769230769230769
1308264	0	0.157894736842105	0.222222222222222	0.1	0.235294117647059
707164	0.636363636363636	0.866666666666667	0.9	0.941176470588235	0.709677419354839
4058329	1	1	1	0.777777777777778	0.739130434782609
59859	1	0.882352941176471	0.9375	0.75	0.651515151515151
4740024	1	1	1	0.875	0.71875
2989949	0.285714285714286	0.315789473684211	0.0625	0.181818181818182	0.428571428571429
3083941	0	0	0	0.1875	0.232876712328767
673491_1	0.470588235294118	0.666666666666667	0.733333333333333	0.375	0.323529411764706
673491_2	0.470588235294118	0.666666666666667	0.733333333333333	0.375	0.323529411764706
871747	1	1	0.909090909090909	1	0.739130434782609
3479656	1	0.928571428571429	0.916666666666667	0.785714285714286	0.8
3985057	0.272727272727273	0.176470588235294	0.2	0.375	0.493333333333333
1409418	0.181818181818182	0	0.111111111111111	0.111111111111111	0.175
465558	0	0	0.133333333333333	0.153846153846154	0.253333333333333
2486125	0.846153846153846	0.578947368421053	0.583333333333333	0.461538461538462	0.423076923076923
2864144	0	0	0	0.125	0.135135135135135
2182075	0	0.428571428571429	0.3	0.3125	0.114754098360656
1498061	1	1	0.727272727272727	0.916666666666667	0.871794871794872
243272	1	0.909090909090909	1	1	0.773584905660377
279636	0.3125	0.764705882352941	0.4	0.785714285714286	0.586206896551724
3918363	0	0.2	0	0.454545454545455	0.181818181818182
3281338_1	0	0	0	0.357142857142857	0.162162162162162
3281338_2	0	0	0	0.357142857142857	0.162162162162162
5326421	0.666666666666667	0.8	0.733333333333333	0.454545454545455	0.422535211267606
5567798	1	1	1	0.923076923076923	0.75
2918512	0.571428571428571	0.5625	0.714285714285714	0.857142857142857	0.76
4323671	1	0.5625	0.909090909090909	0.857142857142857	0.784810126582278
4549801	0.8	1	1	0.571428571428571	0.706896551724138
2965575	0.428571428571429	0.117647058823529	0.333333333333333	0	0.162790697674419
330799	0.529411764705882	0.736842105263158	0.363636363636364	0.611111111111111	0.397590361445783
6124589_1	0.583333333333333	0.75	0.75	0.833333333333333	0.841269841269841
6124589_2	0.583333333333333	0.75	0.75	0.833333333333333	0.841269841269841
2803626	0.636363636363636	0.7	0.615384615384615	0.2	0.507462686567164
5489225	0.0714285714285714	0.176470588235294	0.1875	0.153846153846154	0.313432835820896
4904278	1	1	0.928571428571429	0.941176470588235	0.72972972972973
5405048	1	1	1	1	0.795918367346939
1181721_1	1	1	1	0.684210526315789	0.746835443037975
1181721_2	1	1	1	0.684210526315789	0.746835443037975
3100925	0	0.0666666666666667	0.0714285714285714	0.0769230769230769	0.23728813559322
1095778	1	1	0.933333333333333	0.9375	0.743589743589744
1179864	0	0.105263157894737	0	0	0.25
1354045	0.444444444444444	0.357142857142857	0.181818181818182	0.529411764705882	0.5
1196852	0.928571428571429	0.933333333333333	1	1	0.884615384615385
675634_1	1	1	0.9	0.875	0.797297297297297
675634_2	1	1	0.9	0.875	0.797297297297297
675634_3	1	1	0.9	0.875	0.797297297297297
6126465	0	0.105263157894737	0.111111111111111	0.25	0.253521126760563
1530916	0.647058823529412	0.882352941176471	1	0.928571428571429	0.855263157894737
4632590	0.3	0.416666666666667	0.444444444444444	0.666666666666667	0.73469387755102
3171019	1	1	1	0.647058823529412	0.804878048780488
5527074	0.0666666666666667	0.166666666666667	0.0714285714285714	0.1875	0.282051282051282
1247608	1	1	1	0.923076923076923	0.784313725490196
2674736	0.933333333333333	0.85	0.846153846153846	0.857142857142857	0.714285714285714
2188488	0.941176470588235	0.9375	0.714285714285714	0.647058823529412	0.648648648648649
1147524	0	0	0.0909090909090909	0.142857142857143	0.282352941176471
4059933	0.466666666666667	0.705882352941177	0.923076923076923	0.692307692307692	0.725
3278543	0.923076923076923	0.933333333333333	0.857142857142857	0.8	0.7
1210594	0.272727272727273	0.3125	0.333333333333333	0.375	0.575342465753425
4010662	1	1	1	0.684210526315789	0.84375
3090442	0.666666666666667	1	0.9	0.916666666666667	0.837837837837838
5647787	0	0.0714285714285714	0.0909090909090909	0.3	0.289473684210526
1693323	1	0.95	0.642857142857143	0.777777777777778	0.811594202898551
558836_1	0.75	0.5	0.833333333333333	0.75	0.682539682539683
558836_2	0.75	0.5	0.833333333333333	0.75	0.682539682539683
5155830	0	0	0	0	0.2
6005211	0.0909090909090909	0.15	0.266666666666667	0.111111111111111	0.280701754385965
2543259	1	1	1	0.666666666666667	0.898550724637681
1463407	0	0.222222222222222	0.111111111111111	0	0.132352941176471
4034142	1	1	1	0.846153846153846	0.743589743589744
3896445	0.9	0.9375	1	0.941176470588235	0.698630136986301
2069398	1	1	1	0.888888888888889	0.766666666666667
4063735	0.0714285714285714	0.235294117647059	0.230769230769231	0.454545454545455	0.130434782608696
5040286	0.583333333333333	0.888888888888889	1	0.75	0.681159420289855
5162369	0	0	0	0.2	0.225352112676056
727902	0.230769230769231	0.277777777777778	0.307692307692308	0.777777777777778	0.285714285714286
3902478	0.5	0.5	0.1875	0.1	0.272727272727273
1254293	1	1	1	0.6875	0.742857142857143
2955374	0.0714285714285714	0.285714285714286	0.142857142857143	0.375	0.345679012345679
5516126	1	1	1	1	0.82
4466141	0	0	0	0.3125	0.205479452054795
1676839_1	0.916666666666667	0.6	0.833333333333333	0.75	0.691176470588235
1676839_2	0.916666666666667	0.6	0.833333333333333	0.75	0.691176470588235
3025775	0.636363636363636	0.647058823529412	0.785714285714286	0.3	0.576923076923077
4274589	0	0	0	0.285714285714286	0.214285714285714
5025481	1	1	1	0.6875	0.779411764705882
1509739	0.555555555555556	1	0.857142857142857	0.916666666666667	0.844827586206897
357095	0.333333333333333	0.294117647058824	0	0.0909090909090909	0.164179104477612
952785	0.0666666666666667	0	0	0.333333333333333	0.263888888888889
3074903	0.769230769230769	0.947368421052632	1	0.733333333333333	0.774647887323944
2069695	0.2	0.272727272727273	0.583333333333333	0.352941176470588	0.521739130434783
3411592	0.0769230769230769	0.222222222222222	0.153846153846154	0	0.32
2781545	0.363636363636364	0.0588235294117647	0.2	0	0.205882352941176
2693999	0.4	0.0714285714285714	0.2	0.176470588235294	0.411764705882353
2671581	0.933333333333333	0.5	0.636363636363636	0.777777777777778	0.714285714285714
296145	1	0.80952380952381	0.777777777777778	0.846153846153846	0.703125
5103112	1	1	1	0.692307692307692	0.858974358974359
6017312	0.866666666666667	0.904761904761905	1	0.666666666666667	0.818181818181818
5412694	0.833333333333333	0.846153846153846	0.777777777777778	0.909090909090909	0.625
2354280	1	1	1	0.714285714285714	0.8
2888384	1	1	0.9	1	0.864864864864865
1174951_1	0.266666666666667	0.526315789473684	0.75	0.764705882352941	0.539473684210526
1174951_2	0.266666666666667	0.526315789473684	0.75	0.764705882352941	0.539473684210526
3639965	1	1	1	0.714285714285714	0.824561403508772
2438730	1	0.909090909090909	0.8	0.722222222222222	0.620253164556962
3978018	0	0	0	0.294117647058824	0.205128205128205
472411	0.176470588235294	0	0	0.285714285714286	0.253731343283582
1361124	0.142857142857143	0.0666666666666667	0.3	0.230769230769231	0.338028169014085
1953901	0.166666666666667	0.4	0.0714285714285714	0.1	0.146666666666667
2991243	0.2	0.05	0.153846153846154	0	0.307692307692308
6190811	0.588235294117647	0.555555555555556	0.428571428571429	0.6875	0.647058823529412
4941528	0.111111111111111	0.166666666666667	0	0.2	0.338235294117647
1621827	0.411764705882353	0.705882352941177	0.8	0.666666666666667	0.508771929824561
473555	0	0.25	0	0.352941176470588	0.338235294117647
3061898	0.928571428571429	0.611111111111111	0.538461538461538	0.444444444444444	0.693333333333333
4033097	0.294117647058824	0.117647058823529	0.25	0.222222222222222	0.343283582089552
2909182	1	0.846153846153846	0.9	0.733333333333333	0.640625
2270975	0	0.0555555555555556	0	0.266666666666667	0.276315789473684
1221730	1	1	1	0.818181818181818	0.868852459016393
3349443	1	1	1	1	0.828125
3714425	0.1	0.277777777777778	0	0.0769230769230769	0.215384615384615
2451770	0.846153846153846	0.933333333333333	0.846153846153846	0.6	0.648148148148148
4168174	0	0	0.25	0.133333333333333	0.229508196721311
5569164	0	0.166666666666667	0.0833333333333333	0	0.267857142857143
5781989	0	0	0	0.0714285714285714	0.189655172413793
6588596	0.777777777777778	0.857142857142857	0.75	1	0.766233766233766
6367497	0.529411764705882	0.823529411764706	0.916666666666667	0.416666666666667	0.623376623376623
1451279	0	0	0	0.153846153846154	0.21875
4355049	1	1	1	1	0.815789473684211
885992	0	0.0588235294117647	0.133333333333333	0.142857142857143	0.109375
4130577	1	1	1	1	0.828571428571429
556006	0	0.2	0.333333333333333	0.222222222222222	0.353846153846154
2488971	0.923076923076923	0.909090909090909	1	0.7	0.72
5300800	0	0	0	0.25	0.166666666666667
3321547_1	0.1	0.0909090909090909	0.0909090909090909	0.166666666666667	0.338709677419355
3321547_2	0.1	0.0909090909090909	0.0909090909090909	0.166666666666667	0.338709677419355
2260347	1	0.888888888888889	1	0.785714285714286	0.76
3904984	1	0.545454545454545	0.583333333333333	0.533333333333333	0.583333333333333
3701531	0.166666666666667	0.2	0.1	0.2	0.295774647887324
6513797	0.555555555555556	0.631578947368421	0.545454545454545	1	0.789473684210526
105202	1	1	1	0.692307692307692	0.825581395348837
5679063	0.444444444444444	0.142857142857143	0.0833333333333333	0.461538461538462	0.307692307692308
5775539	0	0	0	0.133333333333333	0.218390804597701
2405821	0.647058823529412	0.235294117647059	0.230769230769231	0.285714285714286	0.277777777777778
645888	1	0.769230769230769	1	1	0.795918367346939
4667537	0.647058823529412	0.769230769230769	0.533333333333333	0.909090909090909	0.743243243243243
3537730	1	0.785714285714286	0.916666666666667	0.75	0.78125
6611936	0.0769230769230769	0.125	0	0.181818181818182	0.298245614035088
2150160	0	0.125	0	0.153846153846154	0.272727272727273
2864538	0.454545454545455	0.25	0.1	0.538461538461538	0.39344262295082
2675843	0.857142857142857	0.777777777777778	0.6875	0.411764705882353	0.776470588235294
5786622	1	0.882352941176471	0.846153846153846	0.666666666666667	0.771929824561403
2413114	0	0.117647058823529	0.166666666666667	0.444444444444444	0.135135135135135
1876107	1	0.944444444444444	1	0.6875	0.805555555555556
1348052	1	1	1	1	0.826666666666667
3474638	0	0	0	0.142857142857143	0.205128205128205
332677	0.272727272727273	0.307692307692308	0.166666666666667	0.0909090909090909	0.289473684210526
3427341	0	0.315789473684211	0.0909090909090909	0.153846153846154	0.228571428571429
1926211	0	0.133333333333333	0	0.352941176470588	0.23943661971831
1624770	0.8	0.625	0.615384615384615	0.866666666666667	0.830985915492958
5966980	0	0	0	0	0.154929577464789
3717577	0.8125	0.833333333333333	1	0.888888888888889	0.692307692307692
3269846	1	1	1	0.823529411764706	0.791666666666667
6032195	1	1	1	0.9	0.826086956521739
5137233_1	1	0.80952380952381	1	1	0.870967741935484
5137233_2	1	0.80952380952381	1	1	0.870967741935484
6114622	1	1	1	1	0.828947368421053
1102699	0.533333333333333	0.538461538461538	0.357142857142857	0.4	0.5
1932126_1	0	0.0526315789473684	0.0833333333333333	0.357142857142857	0.120481927710843
1932126_2	0	0.0526315789473684	0.0833333333333333	0.357142857142857	0.120481927710843
2895467	1	0.785714285714286	1	0.75	0.745454545454545
1371298	1	1	1	0.727272727272727	0.868421052631579
2199683	1	1	1	0.866666666666667	0.807692307692308
609201_1	0.625	0.6875	0.846153846153846	0.421052631578947	0.626506024096386
609201_2	0.625	0.6875	0.846153846153846	0.421052631578947	0.626506024096386
2511656	0	0	0	0.133333333333333	0.20253164556962
3759352	1	1	1	0.9	0.833333333333333
5373529	0.375	0.0625	0	0.2	0.197183098591549
416928	1	0.933333333333333	0.846153846153846	0.777777777777778	0.723076923076923
5666166_1	0.615384615384615	0.857142857142857	0.9	0.7	0.666666666666667
5666166_2	0.615384615384615	0.857142857142857	0.9	0.7	0.666666666666667
1264895	1	0.888888888888889	0.928571428571429	0.769230769230769	0.730769230769231
3822482	1	0.947368421052632	1	1	0.8125
126848	1	1	1	1	0.838235294117647
4023117	0.692307692307692	0.684210526315789	0.866666666666667	0.6	0.653846153846154
6271510	0.2	0.4375	0.1	0.153846153846154	0.333333333333333
5166780	0.307692307692308	0.111111111111111	0.272727272727273	0.214285714285714	0.355263157894737
597797	0	0	0	0	0.153846153846154
2478003	0.8125	0.8125	0.846153846153846	0.6875	0.829268292682927
4629227	0.0909090909090909	0.294117647058824	0.214285714285714	0.4	0.22
3781693	0.555555555555556	0.684210526315789	0.5	0.272727272727273	0.423076923076923
2221592	0.533333333333333	0.785714285714286	0.7	0.571428571428571	0.584905660377358
249984	0.5	0.785714285714286	0.733333333333333	0.9	0.826666666666667
5689824	0	0	0	0	0.153846153846154
4522327	0.0909090909090909	0.3	0.545454545454545	0.133333333333333	0.231884057971014
2475347	1	1	0.928571428571429	0.846153846153846	0.807692307692308
313657	0.125	0.125	0.384615384615385	0.0909090909090909	0.323943661971831
1769237	0	0	0	0.0909090909090909	0.186666666666667
1700694	0.933333333333333	1	1	0.705882352941177	0.879518072289157
2451312	0.833333333333333	0.583333333333333	0.777777777777778	0.75	0.630434782608696
913706	0.533333333333333	0.8125	0.555555555555556	0.529411764705882	0.527777777777778
1418963_1	1	1	1	0.9	0.826086956521739
1418963_2	1	1	1	0.9	0.826086956521739
6263952	0	0	0	0	0.151898734177215
4028620	0.454545454545455	0.235294117647059	0.2	0.3125	0.454545454545455
6359195	1	0.588235294117647	0.9375	0.8125	0.825581395348837
1874476	0	0	0	0.111111111111111	0.19047619047619
4519528_1	0.928571428571429	0.857142857142857	1	0.866666666666667	0.819277108433735
4519528_2	0.928571428571429	0.857142857142857	1	0.866666666666667	0.819277108433735
2862181	0.545454545454545	0.214285714285714	0.222222222222222	0.375	0.307692307692308
6567624	0.909090909090909	1	0.9	0.647058823529412	0.849315068493151
1585731_1	1	1	1	0.9	0.842105263157895
1585731_2	1	1	1	0.9	0.842105263157895
1512287	1	1	1	0.789473684210526	0.784615384615385
5246547_1	0	0.266666666666667	0.25	0.466666666666667	0.32
5246547_2	0	0.266666666666667	0.25	0.466666666666667	0.32
3112350	0	0.0714285714285714	0	0.153846153846154	0.231884057971014
4127488	1	1	1	0.888888888888889	0.843137254901961
6324040	0.0833333333333333	0.157894736842105	0.0769230769230769	0.388888888888889	0.128571428571429
5395275	0	0	0	0.111111111111111	0.175675675675676
4584815	0	0	0.0666666666666667	0	0.1
1430194	0	0	0.166666666666667	0	0.176470588235294
4612410	0.692307692307692	0.3	0.555555555555556	0.266666666666667	0.329113924050633
949938	0.1875	0.3125	0.153846153846154	0	0.280487804878049
1574075	0.461538461538462	0.909090909090909	0.7	0.692307692307692	0.703703703703704
5818328	1	1	1	0.833333333333333	0.840579710144927
1608626	0.142857142857143	0.0833333333333333	0	0.1	0.26
1895136	0	0	0	0	0.136363636363636
2365436	0	0.125	0	0.0833333333333333	0.236363636363636
1300328	0	0.0625	0	0	0.175675675675676
1273084	0	0	0	0	0.146666666666667
3032914	0	0	0	0.222222222222222	0.136363636363636
4061298	0	0	0	0.0666666666666667	0.172413793103448
3918060	0	0	0	0.117647058823529	0.193548387096774
763406	0.75	1	1	0.75	0.848101265822785
3289122	1	0.95	1	0.733333333333333	0.842857142857143
454290_1	0.705882352941177	1	1	0.769230769230769	0.811320754716981
454290_2	0.705882352941177	1	1	0.769230769230769	0.811320754716981
5541292	0.0588235294117647	0.157894736842105	0.111111111111111	0.428571428571429	0.216666666666667
1045194	0.75	0.705882352941177	0.916666666666667	0.5	0.618181818181818
4546856	0.714285714285714	0.882352941176471	0.785714285714286	0.666666666666667	0.69620253164557
4635485	1	1	0.923076923076923	0.9	0.814814814814815
4828938	0	0.181818181818182	0.333333333333333	0.0833333333333333	0.240740740740741
6163869	0.8	1	1	0.736842105263158	0.865384615384615
1477985	1	1	1	0.769230769230769	0.914285714285714
1307876	0	0	0	0.0588235294117647	0.150943396226415
1461596	0.8125	0.833333333333333	0.555555555555556	0.533333333333333	0.7
1857129	0	0	0	0	0.136986301369863
4264286	0.733333333333333	0.9375	0.75	0.888888888888889	0.818181818181818
1497284	1	0.882352941176471	0.866666666666667	0.764705882352941	0.710144927536232
5871830	1	1	1	1	0.864864864864865
4664181	0	0	0	0.0769230769230769	0.169014084507042
2883632	0.928571428571429	1	1	0.722222222222222	0.875
2619363	0	0.181818181818182	0	0.0625	0.189655172413793
265222	0.6	0.615384615384615	1	0.823529411764706	0.780821917808219
6464764	0.4375	0.142857142857143	0.357142857142857	0.166666666666667	0.232876712328767
4202113	0	0.285714285714286	0.357142857142857	0.384615384615385	0.233766233766234
5554489	0.636363636363636	0.538461538461538	0.846153846153846	0.533333333333333	0.607594936708861
393916	0.909090909090909	1	1	0.846153846153846	0.792207792207792
5123201	1	1	1	1	0.864864864864865
4001422	1	0.875	1	0.866666666666667	0.770491803278688
2150739	0	0.0588235294117647	0	0.111111111111111	0.181818181818182
5321405	0.0833333333333333	0	0	0.222222222222222	0.191176470588235
1439879	0	0	0	0	0.123287671232877
865337	0	0	0.133333333333333	0.0555555555555556	0.0972222222222222
375577	1	1	1	1	0.853333333333333
3309917	0.416666666666667	0.526315789473684	0.75	0.764705882352941	0.714285714285714
4227092_1	0.0714285714285714	0.05	0.153846153846154	0.125	0.146666666666667
4227092_2	0.0714285714285714	0.05	0.153846153846154	0.125	0.146666666666667
2977098	0	0	0	0.153846153846154	0.166666666666667
1111542	0	0	0	0	0.11864406779661
912482_1	0	0.0555555555555556	0	0	0.153846153846154
912482_2	0	0.0555555555555556	0	0	0.153846153846154
2072337	0.928571428571429	0.882352941176471	0.923076923076923	0.733333333333333	0.815789473684211
2824234	1	1	1	0.888888888888889	0.840579710144927
985060	0	0	0	0.133333333333333	0.1625
2112578	1	1	1	0.882352941176471	0.82258064516129
1013295	0.727272727272727	0.888888888888889	1	0.733333333333333	0.756756756756757
1864197	1	0.947368421052632	0.818181818181818	0.8	0.768292682926829
2834101	1	1	1	0.818181818181818	0.830985915492958
4789804	0	0	0	0.0666666666666667	0.153846153846154
5154796	0	0	0	0.0526315789473684	0.15
6601666	0.769230769230769	0.916666666666667	0.8	1	0.714285714285714
661962_1	0.0909090909090909	0.157894736842105	0.181818181818182	0.4	0.153846153846154
661962_2	0.0909090909090909	0.157894736842105	0.181818181818182	0.4	0.153846153846154
3692791	0.866666666666667	1	1	0.9375	0.857142857142857
619508	1	1	1	1	0.873239436619718
296518	1	1	0.8	1	0.867647058823529
2829404	1	1	0.8	0.764705882352941	0.91025641025641
2928009	0	0.0714285714285714	0	0	0.173333333333333
1909088	1	1	1	0.769230769230769	0.88
4998111	0.230769230769231	0	0.1	0.0714285714285714	0.150684931506849
1400590	0	0	0	0	0.120689655172414
3583654	0	0	0.0769230769230769	0	0.146666666666667
6222402	0.727272727272727	0.833333333333333	0.8	0.923076923076923	0.717948717948718
1598368	1	1	1	0.833333333333333	0.871794871794872
4449752	0.333333333333333	0.375	0.153846153846154	0.222222222222222	0.142857142857143
2870406	1	0.8	0.888888888888889	0.916666666666667	0.75
355900	1	0.882352941176471	1	1	0.857142857142857
3925332	0.666666666666667	0.888888888888889	0.9	0.625	0.723076923076923
2918861	0.214285714285714	0.157894736842105	0.416666666666667	0.0714285714285714	0.319444444444444
3840824	0.2	0.05	0	0.25	0.222222222222222
2881045	1	1	1	1	0.883116883116883
273395_1	1	1	1	1	0.896551724137931
273395_2	1	1	1	1	0.896551724137931
2081783_1	1	1	1	0.928571428571429	0.863013698630137
2081783_2	1	1	1	0.928571428571429	0.863013698630137
295429	0.222222222222222	0.3	0.222222222222222	0	0.144927536231884
5500328	1	0.894736842105263	0.923076923076923	0.714285714285714	0.805970149253731
6340416	0	0.0588235294117647	0	0	0.136986301369863
3009215	0.642857142857143	0.80952380952381	0.909090909090909	0.8125	0.736842105263158
302456	0.928571428571429	0.875	1	1	0.876712328767123
3027250	0.941176470588235	0.952380952380952	0.923076923076923	0.666666666666667	0.8375
654889	0.733333333333333	0.733333333333333	1	0.6	0.7
326653	0.352941176470588	0.105263157894737	0.1	0.333333333333333	0.323943661971831
4353760	0.117647058823529	0	0	0.142857142857143	0.184210526315789
5711214	0.9	0.888888888888889	0.636363636363636	0.928571428571429	0.866666666666667
2831104	0.666666666666667	0.75	0.857142857142857	0.666666666666667	0.69811320754717
618801	0	0	0.0714285714285714	0.210526315789474	0.1625
3855256_1	1	1	0.909090909090909	0.9	0.833333333333333
3855256_2	1	1	0.909090909090909	0.9	0.833333333333333
1941603	0	0.117647058823529	0.272727272727273	0	0.176470588235294
2339853	1	1	1	0.823529411764706	0.860759493670886
3381855	0	0.176470588235294	0.333333333333333	0.133333333333333	0.207792207792208
1388254	1	1	1	0.923076923076923	0.871428571428571
5504880	0.764705882352941	0.6875	0.916666666666667	0.636363636363636	0.851351351351351
734153	0.538461538461538	0.823529411764706	0.6875	0.777777777777778	0.753424657534247
664308	0.0769230769230769	0.15	0.166666666666667	0.3	0.279411764705882
2535427	1	1	0.928571428571429	0.823529411764706	0.84
660320	0.4	0.133333333333333	0.25	0.0833333333333333	0.293333333333333
2863776	0.2	0	0.272727272727273	0.285714285714286	0.270833333333333
1494088	0.571428571428571	0.6875	0.818181818181818	0.857142857142857	0.810126582278481
2820278	0	0	0	0.142857142857143	0.126436781609195
4826314	0	0	0	0	0.103896103896104
4694845	0	0	0	0.117647058823529	0.15
5520457	0.1	0.421052631578947	0.333333333333333	0.4375	0.441176470588235
1195905	0.0769230769230769	0.214285714285714	0.333333333333333	0.294117647058824	0.327586206896552
2535685	1	0.857142857142857	0.7	0.75	0.771929824561403
5104758_1	1	0.941176470588235	1	1	0.865671641791045
5104758_2	1	0.941176470588235	1	1	0.865671641791045
462019	0	0	0	0.0769230769230769	0.129032258064516
2846304	0.222222222222222	0.454545454545455	0.230769230769231	0.1	0.306122448979592
694320	0.0769230769230769	0.133333333333333	0.0714285714285714	0.307692307692308	0.205128205128205
1174625	0	0.0526315789473684	0.0833333333333333	0.222222222222222	0.159420289855072
781684	0.5	0.294117647058824	0.428571428571429	0.5	0.439024390243902
3635736	0	0	0	0.142857142857143	0.116883116883117
6599459	1	0.928571428571429	0.909090909090909	0.933333333333333	0.825396825396825
4764924	0	0.3125	0.2	0.25	0.265625
3986220	0.625	0.444444444444444	0.714285714285714	0.625	0.604938271604938
5910452	1	1	1	0.933333333333333	0.879518072289157
2717480	0	0	0	0.153846153846154	0.0975609756097561
4601441	0.6	0.714285714285714	0.888888888888889	0.833333333333333	0.789473684210526
1156328	0	0	0	0	0.0843373493975904
2129255	0.117647058823529	0	0.0909090909090909	0	0.146666666666667
1271210	1	1	1	0.9375	0.894736842105263
1541152	0.666666666666667	0.736842105263158	0.75	0.636363636363636	0.675324675324675
1109334_1	0.888888888888889	0.647058823529412	0.6875	0.666666666666667	0.705128205128205
1109334_2	0.888888888888889	0.647058823529412	0.6875	0.666666666666667	0.705128205128205
6072386	0.846153846153846	0.875	0.846153846153846	0.769230769230769	0.701492537313433
4885468_1	0.764705882352941	0.684210526315789	0.8	0.777777777777778	0.740740740740741
4885468_2	0.764705882352941	0.684210526315789	0.8	0.777777777777778	0.740740740740741
2235748	0.8	0.833333333333333	0.714285714285714	0.611111111111111	0.822784810126582
781818	0.666666666666667	0.785714285714286	0.666666666666667	0.8	0.84
600064	0.153846153846154	0.117647058823529	0.3	0.214285714285714	0.105263157894737
4501256	0.133333333333333	0.0666666666666667	0.0769230769230769	0.0909090909090909	0.215189873417722
5849149	0.117647058823529	0	0.142857142857143	0.0666666666666667	0.1625
3864670	1	0.933333333333333	1	0.9	0.890625
3882041	0.9	1	1	0.857142857142857	0.909090909090909
6418717	1	1	1	0.944444444444444	0.902439024390244
340374	0.666666666666667	0.588235294117647	0.769230769230769	0.714285714285714	0.65625
1627983_1	0	0.111111111111111	0.2	0.166666666666667	0.173333333333333
1627983_2	0	0.111111111111111	0.2	0.166666666666667	0.173333333333333
2676839	0.1	0	0	0.0625	0.1
4951706	1	0.952380952380952	1	0.866666666666667	0.89873417721519
1693624	0	0.142857142857143	0.0909090909090909	0.1	0.15
2993483	0.916666666666667	0.8125	0.866666666666667	1	0.857142857142857
3367392	0.9	0.933333333333333	0.8	1	0.884615384615385
5666320	1	0.944444444444444	0.909090909090909	0.833333333333333	0.903614457831325
1168799	0.0666666666666667	0.0769230769230769	0.0909090909090909	0	0.135135135135135
4751727	0.416666666666667	0.4	0.6	0.571428571428571	0.48
2129725	0.928571428571429	0.833333333333333	0.928571428571429	1	0.923076923076923
6010574	0.8	0.8125	0.666666666666667	0.882352941176471	0.807692307692308
5060727	0.0769230769230769	0.117647058823529	0.1	0.0625	0.175675675675676
5827710	0	0.0555555555555556	0.0833333333333333	0.142857142857143	0.153846153846154
6611086	0.2	0.0555555555555556	0.0625	0.105263157894737	0.155844155844156
3798795	0.666666666666667	0.727272727272727	0.666666666666667	0.6	0.696428571428571
606808	0.916666666666667	0.857142857142857	0.818181818181818	0.769230769230769	0.873239436619718
