1
1
1
1
0.97321869343426
0.97321869343426
0.949130306511245
0.949130306511245
0.987584488486654
0.976896481167369
1
0.969935791763581
1
0.904383714106394
0.945293988858345
0.870950896718288
0.870950896718288
1
1
0.977506248264371
0.707623471278944
0.995101077864179
0.909492041293097
0.909492041293097
0.967514342902889
0.862819966971698
1
0.559699775982079
0.587632706276774
0.850749112764189
0.645033436203902
0.742887979755266
0.742887979755266
0.757464315139744
0.786948612008304
0.698793764254978
0.640129751634905
0.516046193638357
0.706850833570821
0.720352755086564
0.720352755086564
0.517451781193616
0.696491763946215
0.762336845693196
0.745394649695893
0.588508878858019
0.489745978160788
0.41252849234777
0.539470081558281
0.669126969798045
0.470657412023366
0.38927736328799
0.38927736328799
0.685970410265011
0.55509749762955
0.48199114514778
0.951595744680851
0.604288499025341
0.42888188066121
0.473065620668414
0.418340149471132
0.606405870246644
0.79166086888729
0.564725183349473
0.704631286026635
0.401257260495551
0.624189735377107
0.344457935329804
0.497113945088208
0.435308776340951
0.304477948261235
0.483213713330082
0.323459676917878
0.3758497363547
0.566635530534448
0.670028702916793
0.670028702916793
0.497789681211552
0.262820191961504
0.456960271019403
0.356065573770492
0.454758343756914
0.454758343756914
0.28728200426586
0.445632771836141
0.0723113184164744
0.421683966693165
0.241944855415377
0.334570691380788
0.424528301886793
0.420525015545434
0.437654590426306
0.280366390894331
0.306933523647352
0.458133971291866
0.370319596600189
0.503761287351188
0.503761287351188
0.28724577489444
0.449749569302769
0.449749569302769
0.368296319519427
0.146127397756062
0.366881240047015
0.245860836056241
0.306505340886265
0.555612903225807
0.374826089804745
0.273315328702415
0.394430024285469
0.281690140845071
0.421695951107716
0.457705762791365
0.382442270012365
0.298207356632518
0.38763922962356
0.38763922962356
0.51719261783447
0.277415440029205
0.557222138893056
0.467214816432316
0.338964625814524
0.378671942070098
0.347747113350159
0.192785262950891
0.346031599960359
0.214452149013223
0.214452149013223
0.321373788479499
0.321373788479499
0.238492767851197
0.238492767851197
0.313264546324859
0.205468585118733
0.326505602240896
0.335257438679479
0.0891769930520736
0.29684431009413
0.156494812667341
0.42195075412513
0.492558469170801
0.286546470796396
0.357142857142857
0.259014049931819
0.315380381853472
0.201790484441557
0.30882818890193
0.349794238683128
0.38017850638842
0.133437517168055
0.208333333333333
0.447099353002606
0.197927130031275
0.344460712043029
0.291946824296186
0.201546274030388
0.174260232078281
0.401706932773109
0.206116661184841
0.358233036804466
0.211553862081681
0.212377443810581
0.248785642978337
0.335365853658536
0.335365853658536
0.0809134382147061
0.150671925840703
0.189732142857143
0.362682405027194
0.187851050580313
0.0846364116020976
0.201355250953313
0.326385654806921
0.189182779367267
0.342556295960658
0.0940946160749329
0.265879010214357
0.225061895680685
0.268144630227356
0.17247005339165
0.313793377905126
0.202268995372444
0.163558575059607
0.366188344559261
0.194805194805195
0.344490202142192
0.265499626441843
0.246913580246913
0.246913580246913
0.142904934555948
0.223833777848604
0.254386948699277
0.209967703461492
0.262105060645545
0.252156350478996
0.281401229089569
0.315884924972672
0.179255114163193
0.17448758631167
0.313588850174216
0.237582622529312
0.228110686184457
0.35654394881453
0.442712980624831
0.177583039187775
0.174487858285368
0.174487858285368
0.179238457622123
0.179238457622123
0.271571688901217
0.140090299441935
0.348445015081112
0.198038032976964
0.250465444640202
0.309958278899237
0.155921142988653
0.201135545145717
0.361951219512195
0.180899908172635
0.349630059480633
0.349630059480633
0.349630059480633
0.349688183941417
0.103894231719022
0.167121042259016
0.260942760942761
0.39231216009293
0.112591911764706
0.0910955558554961
0.222889686130244
0.239790498754227
0.0611857060624144
0.250849521108962
0.0774501478726831
0.216802168021681
0.317225389696555
0.199509621022334
0.25
0.279048733773144
0.202639172961759
0.166107893934776
0.199053296813351
0.0394198443150339
0.242234601704538
0.171386608699037
0.201658900053396
0.261658298346864
0.227208866899892
0.110227598448016
0.165043272283302
0.133701710040505
0.251927525386094
0.257413316601316
0.228713812897647
0.194338101300119
0.12031881454872
0.164738605535392
0.154413694555423
0.106013940931918
0.179795096034319
0.0501196711212176
0.251646539426858
0.215480834502825
0.0787676146980715
0.10268277080086
0.144415098395618
0.315800353290488
0.127142067440575
0.244127316997945
0.244127316997945
0.235042735042734
0.119700352439438
0.202494112557349
0.0895884121422326
0.249110320284697
0.079446214314494
0.319002916186636
0.302790578090699
0.110792774990407
0.266013504790911
0.230609956000345
0.151955777792252
0.126414710090326
0.25286128794327
0.132556702028223
0.211876175062826
0.138375609416878
0.170834898939953
0.216139576101303
0.208584207304823
0.234979841479375
0.220276305143928
0.342722553355124
0.200797706453465
0.109173469591513
0.160564353377075
0.0510100299207658
0.0105947209936919
0.0721019252304246
0.203455226056582
0.197177172582619
0.158995059416239
0.110355954272474
0.181146978021978
0.16351552821902
0.104949149769796
0.302628588743277
0.208333333333334
0.136003308597793
0.0741404487664866
0.194460569950889
0.194460569950889
0.274470899470899
0.0513721828776906
0.164372857620811
0.151199900113549
0.246250221153405
0.232325932003955
0.239025899965039
0.202310356205613
0.163551115431306
0.209298961294494
0.103175982878684
0.248413034278459
0.0236110393282793
0.0760832657571937
0.111997412565708
0.202673796791444
0.152947000088917
0.206698063840921
0.101594536454615
0.175453926900321
0.128997293163606
0.128997293163606
0.197106932660705
0.0822992992025254
0.0815371595385838
0.0520443495394815
0.122368634666378
0.112273608974643
0.10316483231665
0.165015958543969
0.145355504898812
0.165676665676666
0.183490287158238
0.250854376305297
0.268367531620936
0.268367531620936
0.120083168161908
0.192447349310094
0.0748563497140378
0.187209288725366
0.23225971011379
0.178521112425042
0.0948376143282969
0.0576311270499407
0.0576311270499407
0.157533626982212
0.0512756127731824
0.168021941214266
0.212765957446808
0.24561466518919
0.24561466518919
0.0937463913445516
0.155837686929212
0.183086769489036
0.0812140435696966
0.0519974158397025
0.0962866676425018
0.0962866676425018
0.0962866676425018
0.0944207614636054
0.147977980253734
0.132191861583123
0.26272497650475
0.0613562178752054
0.160233965455164
0.0464470183608189
0.13016504555439
0.148862476938577
0.12549503452729
0.0699173634499915
0.0600590221319955
0.232682496509984
0.132507867831907
0.145040022587867
0.148351869649372
0.0754985454062601
0.0754985454062601
0.208333333333333
0.0529324544929829
0.263227513227513
0.106179864074601
0.185055865921787
0.143009238151405
0.167834321348833
0.122569617325648
0.160029829731321
0.175370273708935
0.218428255507849
0.154507706918385
0.244876737183788
0.0938181709842683
0.186721991701245
0.232107477483878
0.0822947975581433
0.0822947975581433
0.132185414348188
0.215419501133787
0.234851709947495
0.204104696053331
0.13254036557739
0.210692641504882
0.110018362950763
0.111675288676974
0.11833677433922
0.146229866244326
0.117322279857357
0.126868327190217
0.0846409339503208
0.227364185110664
0.119239545671116
0.0717952572169314
0.212211466865227
0.095970165796285
0.168407522666653
0.168407522666653
0.20865843996831
0.145940144747515
0.218997796910816
0.152114879211352
0.073623746722744
0.116434520474644
0.122045812628772
0.0407182913725122
0.112309105066516
0.10350276125235
0.203379755434783
0.147554309746276
0.0389211384032961
0.136352526392857
0.187180024489922
0.13066848360966
0.17799352750809
0.106985117872652
0.11734593989489
0.13444760752703
0.142266184304926
0.13860422468913
0.0759675433246697
0.190150763014169
0.158609132802681
0.191256830601093
0.0435693272587736
0.177514792899408
0.115184981084865
0.139019420564623
0.181818181818182
0.084989182033439
0.084989182033439
0.129444805372158
0.171142291113337
0.0321703062960862
0.176905796117823
0.225567486223085
0.143789610900032
0.155705539716711
0.138962862248605
0.179723307792769
0.0979053679558289
0.0881294043373659
0.107241479269892
0.134563564121241
0.133225514299426
0.143208409396824
0.111454474452048
0.189168697221723
0.188469638130566
0.179558011049723
0.147741400745959
0.049606958592965
0.111650504203672
0.190092862995383
0.0747089717832704
0.159883720930233
0.0965182782944202
0.158119412375563
0.121858617718783
0.135883971624043
0.135883971624043
0.177111716621253
0.0272737992589533
0.177605947219571
0.177605947219571
0.141895862560426
0.198460491176625
0.137762881120935
0.101165781072743
0.101165781072743
0.144571236860983
0.116637323943662
0.151136089826663
0.102667086580711
0.0815612966735823
0.0815612966735823
0.106078280441804
0.144323162707917
0.167173252279635
0.0478206024627459
0.103029471116174
0.0470118944921131
0.158730158730159
0.0246624743355214
0.0701535409881479
0.0938220679637837
0.0472770442926097
0.122955962639975
0.158730158730159
0.166851938991526
0.100853527704153
0.108699682014062
0.132069169588336
0.169970885551576
0.0535566021530004
0.0635705653234659
0.121858617718783
0.121858617718783
0.156657963446475
0.0645282220571094
0.178062471918133
0.134246088193456
0.0532252784257212
0.0532252784257212
0.0831947342857995
0.144346156006013
0.110534779949716
0.110534779949716
0.174626284001947
0.147952465182568
0.147952465182568
0.12261071792478
0.111339442123703
0.118376098704371
0.123726334294612
0.0689655172413793
0.138345864661654
0.14118588575073
0.099637244828993
0.11808771420196
0.130921619293713
0.0875147095052917
0.14018691588785
0.119975714175221
0.129076001499451
0.151098901098901
0.158699750187742
0.12485839245255
0.136781790723613
0.139086149149956
0.155644080476026
0.150237987214387
0.150237987214387
0.130762675689938
0.11407059238386
0.0397686792997764
0.0892653763840396
0.122087890213225
0.132780944473177
0.171061121539184
0.108498707896298
0.0909359682620212
0.140845070422535
0.0534917210312287
0.0963207257575412
0.138888888888889
0.119664563748148
0.154092659205847
0.111235200305305
0.150424380767642
0.0814667679393736
0.124079181465241
0.0698573005958017
0.103716872868632
0.138888888888889
0.109254607419281
0.0921912301218515
0.121615637651822
0.126404494382023
0.0646200319238403
0.151098901098901
0.103276195343194
0.0220118946831276
0.0220118946831276
0.128767123287671
0.121527777777778
0.112053742103443
0.112053742103443
0.0552082878200482
0.112952356632132
0.119824349106151
0.125631464179909
0.0974927164723216
0.0882466235174857
0.141804051486892
0.109042818644575
0.109673650540354
0.100260652163518
0.0886729570884036
0.0886729570884036
0.0758117607032031
0.130057803468208
0.142724905342635
0.128441750432903
0.124392047699464
0.164974398272319
0.0760720749678356
0.123674911660778
0.102004381290472
0.0442419477851594
0.120838763179718
0.0593433279226519
0.0862343859957777
0.104667124227865
0.0886008830193992
0.10159385367556
0.101273726273726
0.11968085106383
0.105633802816901
0.105633802816901
0.0950040314037242
0.0950040314037242
0.0881678210290679
0.105884041994205
0.0967167920837457
0.0575754039515396
0.0646701295338063
0.121180116143131
0.118392729012198
0.0899718362589231
0.0883238696707406
0.106252704469818
0.0322722139919969
0.112118387871419
0.077070518210382
0.077070518210382
0.137042811297995
0.129299905825333
0.103368983401775
0.0888242280430604
0.0748545620494125
0.0603979099744165
0.055699701023453
0.0953210913450791
0.0900046396072798
0.0879046475667355
0.0738208861039604
0.107395171053411
0.106100795755968
0.108626612666389
0.0924376707080107
0.0616419263148221
0.0920110296872803
0.094530925695309
0.094530925695309
0.0891454014817031
0.087529884097355
0.0735145271183707
0.0833162389830037
0.0288482662637385
0.104452054794521
0.0529522905213004
0.0907669092378736
0.0401925804620893
0.0829575342230268
0.107561756606144
0.0701471493191062
0.0857843137254902
0.0696232008199754
0.0721445828161081
0.0110285414845052
0.0469775683750208
0.0469775683750208
0.0325761914974626
0.0105535664771534
0.0105535664771534
0.0476226212845154
0.0344977708280145
0.0439005441577354
0.0357438548547705
0.048515905226752
0.0535249942792952
0.0657839876716617
0.0666623783711568
0.0209816580296809
0.0560166445471843
0.0560166445471843
0.0508857896720694
0.0674582280049527
0.0410983358985617
0.0524440661354795
0.0610781389620112
0.0494646612089708
0.0349163408487471
0.0322481546291565
0.0491854324197712
0.0375567147476934
0.0203856453513248
0.0507978022798931
0.0372856009116936
0.0100749854577762
0.0241453800664618
