TARA_7	TARA_9	TARA_18	TARA_23	TARA_25
5006168	1	1	1	0.966666666666667	1
5835179_1	0	1	1	0.297297297297297	0.142857142857143
5835179_2	0	1	1	0.297297297297297	0.142857142857143
2636732_1	0.928571428571429	0.1875	0.0769230769230769	0	0
2636732_2	0.928571428571429	0.1875	0.0769230769230769	0	0
4280843	0.153846153846154	0.85	1	1	1
646126	0.307692307692308	0.176470588235294	0.8125	1	1
334272	0.727272727272727	1	0.769230769230769	0.242424242424242	0
5508907_1	0.384615384615385	1	1	0.1875	0.583333333333333
5508907_2	0.384615384615385	1	1	0.1875	0.583333333333333
3485159	1	1	1	0.852941176470588	1
4597319	0.583333333333333	0	0	0	0
1183833	0.6875	0.666666666666667	0	0	0
4409920	0.5	0.7	0	0	0
2000444_1	0.0769230769230769	1	1	0.5	0.0833333333333333
2000444_2	0.0769230769230769	1	1	0.5	0.0833333333333333
2114447	1	1	1	0.5	0.0909090909090909
3586073	0.7	0.4375	0.0833333333333333	0.964285714285714	1
4744359	1	0	0	0.518518518518518	0.636363636363636
4667437	0.846153846153846	0.727272727272727	0.0833333333333333	0.0833333333333333	0.25
3456371	1	0.9375	1	0.257142857142857	0.692307692307692
2041111	1	1	1	0.333333333333333	0.75
3153031	0.25	0.470588235294118	0.833333333333333	1	1
3306984	0.266666666666667	0.611111111111111	1	1	1
2822097	0.894736842105263	0.37037037037037	0.0833333333333333	0.0540540540540541	0
5507834	0.857142857142857	1	1	0.459459459459459	0.0625
2044063	0.333333333333333	0.416666666666667	0.769230769230769	0.972972972972973	1
2532367	0.5	0	0	0	0
2269921	0.571428571428571	0.0476190476190476	0	0	0
5494320	0.125	0.388888888888889	0.181818181818182	0.931034482758621	0.777777777777778
1425050	0.0714285714285714	1	1	0.441176470588235	0.444444444444444
2216268	0.5	1	1	1	1
4383336	0.25	0.541666666666667	0.75	1	1
4023594	0.9	0	0.111111111111111	0.703703703703704	0.583333333333333
1609959	0.166666666666667	0.6	0.846153846153846	1	1
5482587	0.8125	0.36	0.928571428571429	1	1
2450536	0.545454545454545	0.739130434782609	0.769230769230769	0.0606060606060606	0.1
117330_1	0.0588235294117647	0	0.1875	0.6875	0.75
117330_2	0.0588235294117647	0	0.1875	0.6875	0.75
5189133	0	0.19047619047619	0.642857142857143	0.789473684210526	0.894736842105263
4817308	1	0.869565217391304	0.153846153846154	0.769230769230769	0.222222222222222
4316666	0.6	0.1	0.153846153846154	0	0
2858252	0.625	0.44	0.0833333333333333	0	0
3315503	1	1	0.866666666666667	0.416666666666667	0.214285714285714
1460152	0.285714285714286	0.111111111111111	0.416666666666667	0.8	0.909090909090909
1018283	1	1	1	0.382352941176471	0.785714285714286
5236167	0.0555555555555556	0	0	0.666666666666667	0.470588235294118
5290120	0.769230769230769	0.296296296296296	0.0714285714285714	0	0
2880342	0.5	0.777777777777778	0.428571428571429	0.0526315789473684	0
1367827	0.0666666666666667	0.0526315789473684	0	0.621621621621622	0.727272727272727
3908968	0.272727272727273	0.571428571428571	0.111111111111111	0	0
6290172	0.636363636363636	0.318181818181818	0.6875	0.96875	1
2243594	0.692307692307692	0.375	0.2	0.0263157894736842	0.0769230769230769
3509932	0	0	0	0.592592592592593	0.5
3039741	0.357142857142857	0.526315789473684	0.857142857142857	1	1
2896287	0.363636363636364	0.727272727272727	0	0.166666666666667	0
5988547	0.333333333333333	0.578947368421053	0.3	0	0
1334104	0.833333333333333	0.458333333333333	0.636363636363636	0.137931034482759	0
6406417	0.181818181818182	0.555555555555556	0.222222222222222	0	0
1256090	0.555555555555556	0.523809523809524	0.352941176470588	1	1
617099	0	0.785714285714286	0.384615384615385	0.151515151515152	0.133333333333333
2783892	1	0.4375	0.785714285714286	1	1
5890319	0.428571428571429	0	0	0	0
4026929	0.857142857142857	0.407407407407407	0.769230769230769	1	1
2023885	1	0.52	0.909090909090909	1	1
1097542	0	0.166666666666667	0.857142857142857	0.37037037037037	0
3843859	0.75	0.315789473684211	0.7	0.971428571428571	0.882352941176471
3120777	1	0.91304347826087	0.230769230769231	0.853658536585366	0.75
5983984	0.6	0.84	0.0833333333333333	0.206896551724138	0.571428571428571
4827194	0.166666666666667	0.65	0.153846153846154	0.0487804878048781	0
437163	0.214285714285714	0.904761904761905	1	0.586206896551724	0.368421052631579
172380	0.578947368421053	1	1	1	1
1534311	0.25	0.157894736842105	0.916666666666667	0.296296296296296	0.0625
1741874	0.545454545454545	0.869565217391304	1	1	1
2404681	0.8	0.875	1	0.24390243902439	0.45
1670946	0.785714285714286	1	1	0.40625	0.4375
1806268	0.25	0.555555555555556	0.692307692307692	0	0.0833333333333333
4124143	0.529411764705882	0.307692307692308	0.166666666666667	0	0
74615	0.1	0.19047619047619	0.333333333333333	0.833333333333333	0.666666666666667
2561529	0.357142857142857	0.56	0.857142857142857	1	1
1924589	1	0.695652173913043	0	0.59375	0.933333333333333
6124856	0.142857142857143	0.538461538461538	0.0833333333333333	0	0
4601281	0.5	0.473684210526316	0.0666666666666667	0	0
1134041	0.5	0.95	0.916666666666667	1	1
1643696	0.818181818181818	0.388888888888889	0.583333333333333	0.882352941176471	1
5218939	0.909090909090909	1	1	0.4	0.529411764705882
3664680	0	0.423076923076923	0	0	0
2753830	0.916666666666667	0.818181818181818	0	0.8125	0.4375
5140237	0.0714285714285714	0	0.0666666666666667	0.40625	0.818181818181818
5766256	0.1875	0.0769230769230769	0	0.551724137931034	0.615384615384615
1669299	0.375	0.722222222222222	0.833333333333333	1	1
4059590	0.5625	0.0625	0.333333333333333	0	0
3908836	0.214285714285714	0.708333333333333	0.5	0.827586206896552	1
4856741	0.6875	0.608695652173913	0.6	0.105263157894737	0
3806265	0.388888888888889	0	0	0	0
3905849	1	0.956521739130435	0.923076923076923	0.64	0.222222222222222
5638755	0.666666666666667	0.941176470588235	1	0.4	0.333333333333333
949457	0.363636363636364	0.65	0.923076923076923	0.12	0.571428571428571
3997103	1	0.772727272727273	0.0833333333333333	0.666666666666667	0.357142857142857
2289647	0.933333333333333	0.833333333333333	1	0.363636363636364	0.333333333333333
6189247	0	0.0833333333333333	0.125	0.324324324324324	0.8125
5783195	0.666666666666667	0.96	1	0.935483870967742	0.846153846153846
160721	0.538461538461538	0.5	0.8	1	1
2967555	0.909090909090909	0.48	0.857142857142857	1	1
1720541	1	0.944444444444444	0.6	0.333333333333333	0.571428571428571
5996559	0.181818181818182	0.555555555555556	0.928571428571429	0.864864864864865	1
1505068	0.583333333333333	0	0	0.541666666666667	0.272727272727273
6196705	0	0.227272727272727	0.933333333333333	0.384615384615385	0.230769230769231
2978804	1	1	1	0.433333333333333	0.65
4507570	0.454545454545455	0.818181818181818	1	1	1
1206287	0.666666666666667	0.48	0.928571428571429	1	1
1271275	0.111111111111111	0.523809523809524	0.230769230769231	0	0
1543758	0.111111111111111	0.285714285714286	1	0.392857142857143	0.272727272727273
2966532	0.538461538461538	0.65	0.4	0.0833333333333333	0
6619947	1	0.91304347826087	0.1875	0.53125	0.733333333333333
4214160	0.8	0.111111111111111	0.307692307692308	0.724137931034483	0.8
5746206	1	0.952380952380952	1	0.588235294117647	0.222222222222222
820627	0	0.0476190476190476	0.466666666666667	0.5	0.8
181886	0.722222222222222	1	0.888888888888889	0.419354838709677	0.272727272727273
6238026	0.384615384615385	0.782608695652174	0.882352941176471	1	1
718802	0.461538461538462	0.68	1	1	1
2553354	0	0.0769230769230769	0	0.540540540540541	0.571428571428571
1422045	0.833333333333333	0.941176470588235	1	0.464285714285714	0.307692307692308
4891098	0.272727272727273	0.0454545454545455	0	0.451612903225806	0.75
4827633_1	0.416666666666667	0.476190476190476	0.416666666666667	0.0512820512820513	0.166666666666667
4827633_2	0.416666666666667	0.476190476190476	0.416666666666667	0.0512820512820513	0.166666666666667
2078199	0.4375	0.526315789473684	0.357142857142857	0.888888888888889	1
493867	0.1	0	0.166666666666667	0.675	0.4375
352843	0.636363636363636	0.238095238095238	0.363636363636364	0	0
2643514	0.642857142857143	0.208333333333333	0	0	0.1875
2956617	0.8125	0.8125	0.785714285714286	0.32258064516129	0.153846153846154
5306732	0	0.25	0.6	0.714285714285714	0.461538461538462
1441967	0.1	0	0	0.36	0.545454545454545
4434914	0	0.181818181818182	0	0.583333333333333	0.272727272727273
4371169	0.666666666666667	0.705882352941177	0.25	0.222222222222222	0
1865127_1	1	0.941176470588235	0.363636363636364	0.838709677419355	0.583333333333333
1865127_2	1	0.941176470588235	0.363636363636364	0.838709677419355	0.583333333333333
4370859	0.333333333333333	0.76	1	0.5	0.176470588235294
3864293	1	1	0.6875	0.62962962962963	0.25
5209593	0.733333333333333	0.464285714285714	1	0.925925925925926	1
3690395	1	1	1	0.714285714285714	0.764705882352941
162511	0.0833333333333333	0.0555555555555556	0	0.612903225806452	0.357142857142857
5256526	0.466666666666667	0.392857142857143	0	0	0
1027132	0.555555555555556	0.291666666666667	0.823529411764706	0.933333333333333	0.75
5847237	1	1	0.888888888888889	0.447368421052632	0.555555555555556
5640396	0.5	0.28	0	0	0
4752121	0.526315789473684	0.695652173913043	1	1	1
5157525_1	0	0.272727272727273	0.5	0.344827586206897	0.857142857142857
5157525_2	0	0.272727272727273	0.5	0.344827586206897	0.857142857142857
235995	0.583333333333333	0.55	0.916666666666667	1	1
2455025	0.1	0	0.0833333333333333	0.428571428571429	0.705882352941177
1785513	0.176470588235294	0	0	0.363636363636364	0.6
2133703	0.125	0.333333333333333	0.833333333333333	0.676470588235294	0.888888888888889
3632454	1	0.95	1	0.482758620689655	0.6875
5748959	0.315789473684211	0.48	0.454545454545455	0	0
5333248	0	0.666666666666667	0.705882352941177	0.806451612903226	0.666666666666667
1428290	0.923076923076923	0.857142857142857	0.583333333333333	0.444444444444444	0.0909090909090909
741531	0.5	0.590909090909091	0.444444444444444	0.0769230769230769	0
2780700	1	0.961538461538462	0.9375	0.46875	0.722222222222222
5500517	0.181818181818182	0	0	0.325	0.0666666666666667
1987563	0.666666666666667	0.476190476190476	0.909090909090909	0.944444444444444	1
3292848	0.416666666666667	0.5	0.923076923076923	0.958333333333333	0.857142857142857
5181669	0.5	0.238095238095238	0	0	0
1736549	0.5	0.36	0.0833333333333333	0	0
5474789	0.533333333333333	0.388888888888889	0.214285714285714	0.125	0
1678447	0.0625	0	0.125	0.540540540540541	0.5
1408536	0.538461538461538	0.857142857142857	1	1	1
4209460	1	0.652173913043478	1	1	1
1076092	1	0.75	0.0714285714285714	0.5	0.684210526315789
5142886	0.352941176470588	0.761904761904762	0.25	0.303030303030303	0
694035	0.578947368421053	0.92	1	1	1
4612666	1	1	1	0.617647058823529	1
5756402	0.428571428571429	0.652173913043478	0.6	0.28125	0.133333333333333
5209255	0.888888888888889	0.923076923076923	1	0.428571428571429	0.5625
4880238	1	0.739130434782609	0.25	0.516129032258065	0.888888888888889
790721	0	0.0384615384615385	0.0833333333333333	0.472222222222222	0.529411764705882
650670	0.875	0.461538461538462	0.176470588235294	0.19047619047619	0.133333333333333
6450290	0	0.08	0.0666666666666667	0.333333333333333	0.526315789473684
2758572	0.5	0.727272727272727	0.9375	0.263157894736842	0.333333333333333
1757740	1	0.565217391304348	0.777777777777778	0.96969696969697	1
1022281	0.777777777777778	0.8125	0.2	0.9	0.545454545454545
5265903	0.363636363636364	0.352941176470588	0	0	0
5229842	0.583333333333333	0.35	0.0833333333333333	0.689655172413793	0.833333333333333
3946108	0.9	1	1	0.666666666666667	0.333333333333333
631913	0.4	0.625	0.3125	0.103448275862069	0
3711967	0.5	0.8	0.9	1	1
5429891	0.461538461538462	0.5	0	0.0952380952380952	0.615384615384615
2240636	0.571428571428571	0.64	0.1	0.108108108108108	0.3125
5965208	0.0909090909090909	0	0.0769230769230769	0.365853658536585	0.571428571428571
3530818	0.8	0.0769230769230769	0	0.351351351351351	0.4375
3196551	0.230769230769231	0.4	0	0	0
3758905	0.411764705882353	0.333333333333333	0.818181818181818	0.823529411764706	0.916666666666667
1370267_1	0	0	0.214285714285714	0.444444444444444	0.230769230769231
1370267_2	0	0	0.214285714285714	0.444444444444444	0.230769230769231
1370267_3	0	0	0.214285714285714	0.444444444444444	0.230769230769231
2721536	0.466666666666667	0.526315789473684	0.307692307692308	0.222222222222222	0
3935329	0.9375	0.5625	0.153846153846154	0.75	0.5
3410453	0.133333333333333	0.458333333333333	0.2	0	0
5046022	0.333333333333333	0.476190476190476	0.2	0	0
2415058	0.333333333333333	0.772727272727273	0.75	0.96551724137931	0.923076923076923
6614497	0.947368421052632	0.952380952380952	0.333333333333333	0.529411764705882	0.866666666666667
1855827	0.0625	0.0476190476190476	0	0.405405405405405	0
926950	0.117647058823529	0.45	0.153846153846154	0	0
5755867	0.3	0.157894736842105	0.125	0.607142857142857	0.733333333333333
1405429	0.882352941176471	0.576923076923077	1	1	0.947368421052632
1655351	0.846153846153846	0.956521739130435	0.928571428571429	0.526315789473684	0.333333333333333
4178332	0.6	0.541666666666667	0.3125	0.171428571428571	0
3521052	0	0	0	0.433333333333333	0.35
3425993	1	1	1	0.645161290322581	1
3435254	0.0625	0.0526315789473684	0	0.341463414634146	0.166666666666667
4929898	0.105263157894737	0.565217391304348	0.833333333333333	0.2	0.333333333333333
1081003	0.666666666666667	0.708333333333333	0.833333333333333	0.647058823529412	0
5629185_1	0.923076923076923	0.91304347826087	1	0.5	0.555555555555556
5629185_2	0.923076923076923	0.91304347826087	1	0.5	0.555555555555556
3995449	0.454545454545455	0.727272727272727	0	0.228571428571429	0.545454545454545
3274011	0.818181818181818	0.92	1	0.548387096774194	0.357142857142857
388780	0.3125	0.538461538461538	0.9	0.868421052631579	0.631578947368421
2793468	0.714285714285714	0.523809523809524	0.8125	1	1
3588291	0.307692307692308	0.0434782608695652	0	0.525	0.117647058823529
1423870	0.9375	0.68	0.166666666666667	0.780487804878049	0.642857142857143
1233360	1	0.777777777777778	0.933333333333333	0.4	0.636363636363636
1157576	0.0526315789473684	0.428571428571429	0.285714285714286	0	0
5549289	0	0	0	0.416666666666667	0.166666666666667
5380842	0.705882352941177	1	1	1	1
2105402	0.583333333333333	0.708333333333333	1	1	1
4129713	0.923076923076923	0.583333333333333	0.875	0.966666666666667	1
2418715	0.642857142857143	0.210526315789474	0.142857142857143	0.0882352941176471	0.0833333333333333
4588292	0	0.347826086956522	0.714285714285714	0.538461538461538	0.0909090909090909
300310	0	0.111111111111111	0	0.5	0.307692307692308
3573588	0.4	0.409090909090909	0.923076923076923	0.3125	0.0769230769230769
4591680	0.5	0.705882352941177	0.8125	1	1
3184669_1	0	0	0	0.428571428571429	0.2
3184669_2	0	0	0	0.428571428571429	0.2
40140	0.285714285714286	0.761904761904762	0.909090909090909	0.305555555555556	0.578947368421053
1371789	0.333333333333333	0.523809523809524	0.727272727272727	0.882352941176471	1
4081444	0.625	0.444444444444444	0.384615384615385	0.0857142857142857	0.0555555555555556
6568487	0.5	0.708333333333333	1	0.730769230769231	0.1
1748966	0.428571428571429	0.833333333333333	0.666666666666667	0.289473684210526	0.636363636363636
961272	0.133333333333333	0.0384615384615385	0.0909090909090909	0.555555555555556	0.3125
1462062	0.923076923076923	0.5	0.266666666666667	0.771428571428571	0.857142857142857
4075255	0	0.157894736842105	0.692307692307692	0.15625	0.2
4234294	0.416666666666667	0.222222222222222	0.0909090909090909	0.733333333333333	0.636363636363636
91910	1	1	0.5	0.6	0.714285714285714
2641177	0	0.24	0.823529411764706	0.30952380952381	0.25
2573630	0.894736842105263	0.666666666666667	0.1	0.742857142857143	0.909090909090909
5890152_1	0.933333333333333	0.727272727272727	0.25	0.463414634146341	0.882352941176471
5890152_2	0.933333333333333	0.727272727272727	0.25	0.463414634146341	0.882352941176471
1729440	1	1	1	0.8	0.5
3753195	0.4375	0.368421052631579	0.8	0.777777777777778	0.928571428571429
6360801	0.4375	0.941176470588235	0.916666666666667	0.5	0.230769230769231
3988428	0.833333333333333	0.576923076923077	0.928571428571429	1	1
3746839	0.2	0.260869565217391	0	0.487179487179487	0.727272727272727
5556250	0.307692307692308	0.75	0.769230769230769	0.882352941176471	0.823529411764706
965669	1	0.684210526315789	0.538461538461538	0.416666666666667	0.1875
5145610	1	0.739130434782609	0.2	0.714285714285714	0.818181818181818
22169	0.818181818181818	0.555555555555556	0.833333333333333	1	1
797615	0.333333333333333	0.5	0.25	0.151515151515152	0.142857142857143
5334299	0.454545454545455	0.380952380952381	0.333333333333333	0.032258064516129	0
5850216	0.5	0.769230769230769	0.909090909090909	0.357142857142857	0.470588235294118
1200244	0.736842105263158	0.521739130434783	0.8	1	1
5394831	0	0	0	0.4	0.266666666666667
5732090	0.214285714285714	0.590909090909091	0.769230769230769	0.823529411764706	0.947368421052632
4523991	0.583333333333333	0.782608695652174	0.888888888888889	0.428571428571429	0.307692307692308
6135433	0.5625	0.678571428571429	0.666666666666667	0.133333333333333	0.2
4220827	1	0.681818181818182	0.230769230769231	0.709677419354839	0.769230769230769
380870	0	0.192307692307692	0.818181818181818	0.365853658536585	0.166666666666667
3466986_1	1	1	1	0.536585365853659	0.736842105263158
3466986_2	1	1	1	0.536585365853659	0.736842105263158
991396	0.0625	0.409090909090909	0.777777777777778	0.535714285714286	0.785714285714286
3842275	0.0833333333333333	0.391304347826087	0.75	0.272727272727273	0
1841292	1	0.96	1	0.564102564102564	0.833333333333333
4430441	0.230769230769231	0.0434782608695652	0.666666666666667	0.5	0.615384615384615
3133229	0.9375	1	1	0.575	0.785714285714286
502477	0.941176470588235	1	0.818181818181818	0.451612903225806	0.666666666666667
1580833	0.642857142857143	0.380952380952381	0.25	0.0967741935483871	0.1
1552367	1	0.68	0.25	0.806451612903226	0.526315789473684
1352525	0.0625	0	0	0.333333333333333	0.5
4395155	0.277777777777778	0	0	0	0
4689497	0.545454545454545	0.352941176470588	0.909090909090909	0.775	0.9375
2373298	0.928571428571429	1	1	0.645161290322581	0.5
539855	0.947368421052632	0.681818181818182	0.307692307692308	0.71875	0.307692307692308
2906407_1	0.5	0.761904761904762	0.666666666666667	1	0.9375
2906407_2	0.5	0.761904761904762	0.666666666666667	1	0.9375
2906407_3	0.5	0.761904761904762	0.666666666666667	1	0.9375
35301	0.2	0.416666666666667	0.8	0.810810810810811	0.769230769230769
4034404	0	0.25	0.0909090909090909	0.433333333333333	0.6
5358939_1	1	0.964285714285714	1	0.586206896551724	0.714285714285714
5358939_2	1	0.964285714285714	1	0.586206896551724	0.714285714285714
705914	0.857142857142857	0.72	0.4375	0.264705882352941	0.545454545454545
6189040	0.428571428571429	0.208333333333333	0.176470588235294	0.710526315789474	0.25
1082587	1	0.888888888888889	0.285714285714286	0.722222222222222	0.785714285714286
1823907	0.692307692307692	0.48	0.266666666666667	0.0769230769230769	0.157894736842105
3871787	0.875	0.944444444444444	1	0.48780487804878	0.5
2868583	0.8	0.947368421052632	0.909090909090909	0.535714285714286	0.416666666666667
4740078	0.0666666666666667	0.4	0.8125	0.25	0.357142857142857
2130784	0.636363636363636	0.714285714285714	1	1	1
342660	0.538461538461538	0.625	0.5	0.482758620689655	0.0625
5110080	0.8125	0.708333333333333	0.666666666666667	0.3125	0.25
1366610	0.307692307692308	0.315789473684211	0	0	0
3318805	0.4	0.25	0.866666666666667	0.6875	0.7
2341858_1	0.470588235294118	0.791666666666667	1	0.45	0.25
2341858_2	0.470588235294118	0.791666666666667	1	0.45	0.25
1729282	0	0	0	0.363636363636364	0.0666666666666667
1986955	0	0.0416666666666667	0	0.41025641025641	0.333333333333333
6398570	1	0.91304347826087	0.923076923076923	0.542857142857143	0.583333333333333
1010904	0.583333333333333	0.411764705882353	0.375	0.769230769230769	0.882352941176471
2197494	0.133333333333333	0.5	0.75	0.666666666666667	0.777777777777778
3062354	0.909090909090909	0.777777777777778	0.75	0.461538461538462	0.294117647058824
5205685	0.375	0.956521739130435	0.846153846153846	0.555555555555556	0.416666666666667
1442254	0.25	0.291666666666667	0.25	0.657142857142857	0.888888888888889
4918664	0.944444444444444	0.708333333333333	0.4	0.354838709677419	0.529411764705882
4938207	0.909090909090909	0.8	0.307692307692308	0.617647058823529	1
2599331	0.166666666666667	0.0833333333333333	0.0714285714285714	0.51219512195122	0.416666666666667
3660074	0.0833333333333333	0.1	0.214285714285714	0.580645161290323	0.333333333333333
3151908	0.210526315789474	0.384615384615385	0	0	0
1516637	0.722222222222222	0.583333333333333	0.769230769230769	1	1
1348261	0.875	0.5	0.125	0.4375	0.666666666666667
2076945	0.636363636363636	0.578947368421053	0.333333333333333	0.147058823529412	0.0769230769230769
3747358_1	0.0769230769230769	0.65	0.75	0.5	0.25
3747358_2	0.0769230769230769	0.65	0.75	0.5	0.25
2517864	1	0.535714285714286	0.272727272727273	0.606060606060606	0.294117647058824
5691429	0.571428571428571	0.884615384615385	0.9	1	1
5295884	0.0769230769230769	0.321428571428571	0	0	0
5839749	0.0625	0	0	0.40625	0.272727272727273
2670791	0.111111111111111	0	0.0909090909090909	0.379310344827586	0.5625
2828346	0.461538461538462	0.68	0.666666666666667	0.216216216216216	0.142857142857143
3361542	0.428571428571429	0.2	0.0588235294117647	0	0
2657167	0.230769230769231	0.571428571428571	0.777777777777778	0.15625	0.230769230769231
2063429	0.571428571428571	0.222222222222222	0	0.6	0.416666666666667
408635	0.583333333333333	0.692307692307692	0.363636363636364	0.225806451612903	0.142857142857143
6060016	0	0	0	0.264705882352941	0
3571416	0.857142857142857	0.85	0.230769230769231	0.71875	0.857142857142857
2306980	0	0	0.461538461538462	0.371428571428571	0.1875
3850826	0.466666666666667	0.846153846153846	0.923076923076923	0.538461538461538	0.214285714285714
2500623	0.142857142857143	0.0555555555555556	0.692307692307692	0.485714285714286	0.3125
6399299	0	0.111111111111111	0	0.315789473684211	0.636363636363636
5604016	0.454545454545455	0	0	0.09375	0.230769230769231
3882623	0.142857142857143	0.24	0.818181818181818	0.552631578947368	0.176470588235294
6506509	0.9	0.833333333333333	0.333333333333333	0.75	0.384615384615385
246786	0.888888888888889	1	0.9	0.625	0.6
6180527	0.714285714285714	0.521739130434783	0.25	0.157894736842105	0.142857142857143
1812255	0.647058823529412	0.416666666666667	0.235294117647059	0.125	0.428571428571429
1590882	0	0	0	0.294117647058824	0
77698	0.222222222222222	0.764705882352941	1	0.533333333333333	0.5
5788026	0.888888888888889	0.869565217391304	0.769230769230769	0.466666666666667	0.571428571428571
6257878	1	1	1	1	0.75
6571420	0.923076923076923	0.941176470588235	0.888888888888889	0.518518518518518	0.866666666666667
5475253	0.0714285714285714	0.0434782608695652	0	0.433333333333333	0.2
34542	0.461538461538462	0.105263157894737	0.176470588235294	0.5	0.727272727272727
4074535	0.647058823529412	0.363636363636364	1	0.793103448275862	0.823529411764706
1085320	0.5625	0.608695652173913	0.777777777777778	0.967741935483871	1
6516783	0.909090909090909	1	1	0.5625	0.647058823529412
3657441	0	0.0833333333333333	0.0625	0.40625	0.222222222222222
4800882	0.615384615384615	0.5	0.785714285714286	0.838709677419355	0.916666666666667
5860645	0.1	0.0434782608695652	0.125	0.483870967741935	0.461538461538462
2662130	0.705882352941177	0.391304347826087	0	0.611111111111111	0.470588235294118
4601017	0.384615384615385	0.16	0	0	0
580576	0.631578947368421	0.703703703703704	0.928571428571429	1	1
6055947	0.357142857142857	0.481481481481481	0.818181818181818	0.825	0.928571428571429
718497	0.6	0.565217391304348	0.666666666666667	0.939393939393939	1
2081806	0.538461538461538	0.478260869565217	0.928571428571429	0.9	0.882352941176471
6084690	1	0.96	0.875	0.636363636363636	0.5
1403175	1	1	1	0.666666666666667	0.625
2286802	0.230769230769231	0.478260869565217	0.222222222222222	0.0689655172413793	0
3125649	0.307692307692308	0.444444444444444	0.363636363636364	0.0344827586206897	0
6062274	0.307692307692308	0.0588235294117647	0.25	0.6	0.3
1252453_1	0.2	0.0952380952380952	0.2	0.586206896551724	0.352941176470588
1252453_2	0.2	0.0952380952380952	0.2	0.586206896551724	0.352941176470588
4560389	0.529411764705882	0.833333333333333	0.9	0.461538461538462	0.263157894736842
5383677	0.357142857142857	0.473684210526316	0.133333333333333	0.725	0.583333333333333
1508804	0.846153846153846	0.578947368421053	0.384615384615385	0.818181818181818	1
6031945	1	0.958333333333333	0.923076923076923	0.684210526315789	0.8
5136069	0.8	0.269230769230769	0.2	0.580645161290323	0.545454545454545
5709379	0.2	0	0	0	0
722451	0.692307692307692	0.695652173913043	0.6875	0.382352941176471	0.153846153846154
3885754	0	0	0	0.333333333333333	0.307692307692308
6079838	0.0769230769230769	0.318181818181818	0.0625	0	0
5738438	0	0.25	0.647058823529412	0.424242424242424	0.230769230769231
898305	0.941176470588235	0.869565217391304	0.9375	0.617647058823529	0.333333333333333
383927	0.333333333333333	0.333333333333333	0.0769230769230769	0.576923076923077	0.692307692307692
5873507	0.1	0.64	0.5	0.2	0.466666666666667
3487689	0.3	0.666666666666667	0.928571428571429	0.625	0.769230769230769
1578820	1	1	0.545454545454545	0.625	0.625
446974	0.545454545454545	0.75	0.928571428571429	0.625	0.222222222222222
2715831	0.333333333333333	0.619047619047619	0.166666666666667	0.32	0
5562156	0.5	0.708333333333333	0.75	0.678571428571429	0.8
957915	0	0.391304347826087	0.666666666666667	0.548387096774194	0.470588235294118
1546466	0.642857142857143	0.583333333333333	0.882352941176471	0.966666666666667	1
4417897	0	0.136363636363636	0.0666666666666667	0.5	0.4
2723027	0.615384615384615	0.916666666666667	0.916666666666667	0.464285714285714	0.6
6295090	0.571428571428571	0.590909090909091	0.75	0.903225806451613	0.882352941176471
3159536	0.75	0.142857142857143	0.0909090909090909	0.485714285714286	0.538461538461538
2235960	0.5	0.925925925925926	0.846153846153846	0.609756097560976	0.5
4954945	0.611111111111111	0.25	0.666666666666667	0.8	0.75
2041009	0.888888888888889	0.52	0.785714285714286	0.925	0.941176470588235
710857	0	0.307692307692308	0.642857142857143	0.176470588235294	0.470588235294118
4501652	1	0.909090909090909	0.818181818181818	0.575757575757576	0.538461538461538
4165649	0.25	0.19047619047619	0.764705882352941	0.290322580645161	0.352941176470588
5549239	0.333333333333333	0.0909090909090909	0	0.560975609756098	0.277777777777778
4181907	1	0.91304347826087	0.909090909090909	0.523809523809524	0.5625
3524820	0	0.0555555555555556	0.153846153846154	0.3125	0.363636363636364
5747989	1	0.92	0.888888888888889	0.552631578947368	0.555555555555556
171528	0.583333333333333	0.681818181818182	0.933333333333333	0.964285714285714	1
1841877	0	0	0.0714285714285714	0.387096774193548	0.222222222222222
6255258	0.142857142857143	0.037037037037037	0	0.34375	0.1
3792234	0.25	0.55	0.846153846153846	0.578947368421053	0.153846153846154
1636151	0.9	1	0.916666666666667	0.6	0.5625
5366314	0.6875	0.473684210526316	0.818181818181818	0.827586206896552	1
6343538	0.909090909090909	0.961538461538462	0.941176470588235	0.684210526315789	0.428571428571429
5306745	0.818181818181818	0.217391304347826	0.416666666666667	0.285714285714286	0.166666666666667
351460_1	0	0.0526315789473684	0	0.341463414634146	0.0588235294117647
351460_2	0	0.0526315789473684	0	0.341463414634146	0.0588235294117647
1581517	0.5	0.863636363636364	1	0.48780487804878	0.5625
3843871	0	0.19047619047619	0	0.375	0.5
3745982	1	1	1	0.696969696969697	0.923076923076923
5319817	0.25	0.583333333333333	0	0.542857142857143	0.384615384615385
1618124	0.7	0.416666666666667	0.166666666666667	0.0967741935483871	0.285714285714286
2259336	0.928571428571429	0.925925925925926	0.411764705882353	0.722222222222222	0.5625
4191276	1	1	0.714285714285714	0.638888888888889	0.9375
3250288	0.916666666666667	0.727272727272727	0.714285714285714	0.423076923076923	0.6
4383702	0.461538461538462	0.611111111111111	0.117647058823529	0.333333333333333	0.333333333333333
3132921	0.3	0.0588235294117647	0.0833333333333333	0.466666666666667	0.454545454545455
2663319	0.454545454545455	0.428571428571429	0.846153846153846	0.892857142857143	0.6
2182375	0.5	0.476190476190476	0	0.285714285714286	0.0526315789473684
6613971	0.647058823529412	0.666666666666667	1	0.939393939393939	1
2605501	0.5	0.863636363636364	1	0.466666666666667	0.555555555555556
3567112	0.368421052631579	0.4	0.916666666666667	0.764705882352941	0.714285714285714
3462785	1	1	1	0.692307692307692	0.727272727272727
5037009	0.6875	0.944444444444444	0.928571428571429	1	1
992886	1	0.730769230769231	0.454545454545455	0.46875	0.388888888888889
418447	0.285714285714286	0.695652173913043	1	0.645161290322581	0.454545454545455
4028390	0.285714285714286	0.235294117647059	0	0.454545454545455	0.545454545454545
2521934	0.583333333333333	0.85	1	0.65	0.823529411764706
680831	0.0909090909090909	0.333333333333333	0.266666666666667	0.212121212121212	0.428571428571429
2035085	1	0.807692307692308	1	0.5	0.75
6081942	0.777777777777778	0.473684210526316	0.6	0.25	0.2
2689076	0	0.352941176470588	0.727272727272727	0.305555555555556	0.4
2311628	0.416666666666667	0.5625	0.666666666666667	0.944444444444444	0.842105263157895
5059157	0.947368421052632	1	1	0.647058823529412	0.833333333333333
5953945	0.571428571428571	0.777777777777778	1	0.6	0.789473684210526
817391	0.75	0.526315789473684	0.8125	0.837837837837838	1
4723645	0.538461538461538	0.208333333333333	0.25	0.58974358974359	0.75
3300339	0.933333333333333	0.730769230769231	1	1	1
3453642	0.416666666666667	0.80952380952381	0.928571428571429	0.5	0.444444444444444
6369436	1	0.888888888888889	0.8	0.771428571428571	0.384615384615385
3465087	0.357142857142857	0.588235294117647	0.555555555555556	0.615384615384615	0.117647058823529
6136447	1	0.6	0.307692307692308	0.741935483870968	0.777777777777778
1493973	0.9	0.4	0.25	0.636363636363636	0.736842105263158
2129727	0.384615384615385	0.75	0.857142857142857	0.382352941176471	0.727272727272727
2317787	0.428571428571429	0.736842105263158	1	0.542857142857143	0.764705882352941
5837159	0.833333333333333	0.37037037037037	0.384615384615385	0.454545454545455	0.833333333333333
2648945	0.176470588235294	0.555555555555556	0.8	0.666666666666667	0.461538461538462
1454226	0.466666666666667	0.571428571428571	1	0.390243902439024	0.571428571428571
5781004	0.571428571428571	0.714285714285714	1	0.916666666666667	1
499852	0	0.125	0.25	0.428571428571429	0.5
2966622	0.642857142857143	0.6	0.583333333333333	0.344827586206897	0
6107949	0.2	0	0	0.342857142857143	0.4
2684348_1	0.75	0.454545454545455	0.333333333333333	0.5	0.941176470588235
2684348_2	0.75	0.454545454545455	0.333333333333333	0.5	0.941176470588235
5624322_1	0.0833333333333333	0.428571428571429	0.285714285714286	0.0487804878048781	0.0769230769230769
5624322_2	0.0833333333333333	0.428571428571429	0.285714285714286	0.0487804878048781	0.0769230769230769
3575297	0.5	0.65	0.333333333333333	0.225806451612903	0.583333333333333
3149013	0.466666666666667	0.0625	0.1	0.153846153846154	0
2016205	0.545454545454545	0.454545454545455	0.0769230769230769	0.233333333333333	0.0625
386926	0.923076923076923	0.925925925925926	1	0.612903225806452	0.6
4419873	1	0.875	1	0.575757575757576	0.6875
6575156	0.0833333333333333	0.238095238095238	0.333333333333333	0.620689655172414	0.5
1181313	0.8	1	1	1	1
4866186	0.5	0.192307692307692	0	0.5	0.2
497732	0.9375	1	1	0.657142857142857	0.857142857142857
4210112	0.1875	0.458333333333333	0.846153846153846	0.625	0.769230769230769
1606038	0.5	0.75	0.666666666666667	0.379310344827586	0.266666666666667
1858506	0.833333333333333	0.791666666666667	1	0.454545454545455	0.666666666666667
5439098	0.833333333333333	0.45	0.111111111111111	0.5625	0.538461538461538
2274947	0.363636363636364	0.333333333333333	0	0.535714285714286	0.181818181818182
1087527	0.142857142857143	0.0476190476190476	0.0909090909090909	0.363636363636364	0.157894736842105
5050299	0	0	0.222222222222222	0.315789473684211	0.416666666666667
5163450	0.5625	0.130434782608696	0.272727272727273	0.518518518518518	0.384615384615385
1516505	0	0	0.0833333333333333	0.32258064516129	0.117647058823529
2664019	0.923076923076923	0.523809523809524	0.25	0.736842105263158	0.5625
2731796	0.307692307692308	0.0454545454545455	0.571428571428571	0.275	0.117647058823529
4096483	0.375	0.222222222222222	0	0.542857142857143	0.266666666666667
2943415	0.181818181818182	0.5	0.538461538461538	0.178571428571429	0.153846153846154
1604516	0.533333333333333	0.869565217391304	0.9375	0.518518518518518	0.5
5008125	0.111111111111111	0.222222222222222	0.714285714285714	0.241379310344828	0.388888888888889
5161189	1	0.95	0.8	0.588235294117647	0.842105263157895
2118368	0.692307692307692	0.652173913043478	0.583333333333333	0.975609756097561	0.882352941176471
5361828	0.0625	0.0588235294117647	0.307692307692308	0.423076923076923	0.5
3874700	0.6	0.473684210526316	1	0.804878048780488	0.875
2350029	0.0625	0.178571428571429	0.583333333333333	0.464285714285714	0.5625
1987189	0.923076923076923	0.708333333333333	0.266666666666667	0.675675675675676	0.7
1376663	0.727272727272727	0.454545454545455	0.6	0.852941176470588	0.882352941176471
5752835	0	0.178571428571429	0.428571428571429	0.517241379310345	0.411764705882353
3917348	0.8125	0.5	1	0.53125	0.416666666666667
2900469	0.5	0.25	0.333333333333333	0.657142857142857	0.3125
6402732	0.5	0.814814814814815	0.375	0.371428571428571	0.4
3355310	0.230769230769231	0.125	0	0.394736842105263	0.333333333333333
3706321	0.571428571428571	0.318181818181818	0.909090909090909	0.735294117647059	0.777777777777778
378891	0.666666666666667	0.611111111111111	0.9	0.341463414634146	0.307692307692308
1933832	0.714285714285714	0.153846153846154	0.166666666666667	0.333333333333333	0.615384615384615
2790287	0.6875	0.285714285714286	0.111111111111111	0.55	0.533333333333333
1636058	0.117647058823529	0.04	0	0.314285714285714	0.461538461538462
959557	0	0.380952380952381	0.692307692307692	0.285714285714286	0.315789473684211
3999952	0	0.346153846153846	0.6	0.305555555555556	0.55
6023241	1	0.961538461538462	1	0.725	0.777777777777778
1130935	0.153846153846154	0	0	0.25	0.411764705882353
3737750	1	0.76	0.363636363636364	0.514285714285714	0.6875
5288853	0.181818181818182	0.636363636363636	0.230769230769231	0.342857142857143	0.125
6221986	0.466666666666667	0.368421052631579	0.0769230769230769	0.594594594594595	0.666666666666667
868110	0.583333333333333	0.5	0.470588235294118	0.875	0.833333333333333
1044864	0.2	0.230769230769231	0.0625	0.567567567567568	0.470588235294118
2352874	0.444444444444444	0.181818181818182	0	0.48780487804878	0.307692307692308
5792168	0.230769230769231	0.526315789473684	0.214285714285714	0.324324324324324	0
2636781	0.928571428571429	0.666666666666667	0.4375	0.80952380952381	1
4394629	0.5	0.5	0.833333333333333	0.769230769230769	0.454545454545455
473441	0.714285714285714	0.227272727272727	0.2	0.212121212121212	0.357142857142857
5693060	0.727272727272727	0.954545454545455	1	0.647058823529412	0.842105263157895
2304452	0.230769230769231	0.428571428571429	0.416666666666667	0.529411764705882	0.866666666666667
6401850	0.642857142857143	0.571428571428571	0.866666666666667	0.827586206896552	1
350377	0.461538461538462	0.111111111111111	0	0.368421052631579	0.181818181818182
3162061	0.666666666666667	0.869565217391304	0.764705882352941	0.487179487179487	0.75
5335085	0.142857142857143	0.0416666666666667	0.0588235294117647	0.393939393939394	0.230769230769231
4879984	0	0.526315789473684	0.333333333333333	0.1875	0.266666666666667
5435374	0.833333333333333	0.333333333333333	0.272727272727273	0.366666666666667	0.263157894736842
5526579	0.454545454545455	0.368421052631579	0.25	0.0857142857142857	0.266666666666667
391561	0.666666666666667	0.333333333333333	0.823529411764706	0.709677419354839	0.545454545454545
1389344	0.214285714285714	0.285714285714286	0.2	0	0
2194740	0	0.285714285714286	0	0.142857142857143	0.416666666666667
1884007	0.444444444444444	0.592592592592593	0.705882352941177	0.2	0.25
6194996	0.866666666666667	0.789473684210526	0.846153846153846	0.461538461538462	0.5
1680682	0.357142857142857	0.571428571428571	1	0.606060606060606	0.384615384615385
1338341	0.5	0.75	0.923076923076923	0.48	0.666666666666667
2817696	1	1	1	0.757575757575758	0.75
5164367	0.294117647058824	0.0952380952380952	0.166666666666667	0	0
582215	0.941176470588235	1	1	0.696969696969697	0.888888888888889
866968	0.277777777777778	0.210526315789474	0.636363636363636	0.545454545454545	0.0833333333333333
6173424	0.692307692307692	0.48	0.909090909090909	0.5625	0.5
5281475	0.470588235294118	0.636363636363636	0.928571428571429	0.592592592592593	0.933333333333333
3146181	0.125	0.363636363636364	0.181818181818182	0.51219512195122	0.611111111111111
3019438	0.214285714285714	0.380952380952381	0.733333333333333	0.5	0.3125
5540912	1	0.888888888888889	0.9	0.666666666666667	1
1116140	0.111111111111111	0	0.0833333333333333	0.333333333333333	0.0714285714285714
5534770	0.5	0.136363636363636	0.416666666666667	0.314285714285714	0.416666666666667
2644446	0.777777777777778	0.214285714285714	0.214285714285714	0.459459459459459	0.470588235294118
4881943	0.4	0.136363636363636	0.0666666666666667	0.458333333333333	0.142857142857143
6238728	0.333333333333333	0.666666666666667	0.923076923076923	0.641025641025641	0.9
1094515	0.9	0.789473684210526	0.6	0.515151515151515	0.875
4223253	0.611111111111111	0.291666666666667	0.333333333333333	0.771428571428571	0.538461538461538
4984584	0.363636363636364	0.208333333333333	0.230769230769231	0.432432432432432	0.818181818181818
4013464	0.538461538461538	0.421052631578947	0.1875	0.333333333333333	0.0666666666666667
2679687	0.214285714285714	0.181818181818182	0.117647058823529	0.387096774193548	0.555555555555556
2280985	0.75	0.961538461538462	0.625	0.535714285714286	0.6875
1651161	0.888888888888889	1	0.733333333333333	0.564102564102564	0.571428571428571
6343697	0.666666666666667	0.52	0.266666666666667	0.321428571428571	0.125
871606_1	0.0588235294117647	0.208333333333333	0.647058823529412	0.272727272727273	0.352941176470588
871606_2	0.0588235294117647	0.208333333333333	0.647058823529412	0.272727272727273	0.352941176470588
4707883	0.461538461538462	0.291666666666667	0.705882352941177	0.444444444444444	0.8
4714747_1	0.181818181818182	0	0.181818181818182	0.314285714285714	0.235294117647059
4714747_2	0.181818181818182	0	0.181818181818182	0.314285714285714	0.235294117647059
431484	0.181818181818182	0.375	0.461538461538462	0.571428571428571	0.727272727272727
3270759	0.533333333333333	0.347826086956522	0.2	0.40625	0
6094995	0.285714285714286	0.615384615384615	1	0.433333333333333	0.421052631578947
6491536	0.555555555555556	0.391304347826087	0	0.578947368421053	0.5
731171	0.5	0.478260869565217	0.153846153846154	0.258064516129032	0
34420	0.625	0.80952380952381	1	0.621621621621622	0.363636363636364
3149919	0.333333333333333	0.666666666666667	0.888888888888889	0.375	0.388888888888889
5157929	0.642857142857143	0.571428571428571	0.909090909090909	0.37037037037037	0.636363636363636
6184590	0.214285714285714	0.380952380952381	0.727272727272727	0.243243243243243	0.0769230769230769
525176	0.705882352941177	0.714285714285714	0.909090909090909	0.382352941176471	0.444444444444444
5397063	0.666666666666667	0.36	0.733333333333333	0.289473684210526	0.222222222222222
4172627	0.5	0.4	0	0.261904761904762	0.0833333333333333
2592065	0.846153846153846	1	1	0.709677419354839	0.636363636363636
2972994_1	0.375	0.565217391304348	0.0833333333333333	0.193548387096774	0.15
2972994_2	0.375	0.565217391304348	0.0833333333333333	0.193548387096774	0.15
5429928	0.533333333333333	0.25	0.272727272727273	0.619047619047619	0.75
2213992_1	0.470588235294118	0.608695652173913	0.888888888888889	0.852941176470588	0.823529411764706
2213992_2	0.470588235294118	0.608695652173913	0.888888888888889	0.852941176470588	0.823529411764706
2450302	0.526315789473684	0.0869565217391304	0.6	0.552631578947368	0.466666666666667
6444883	0.1	0.25	0.357142857142857	0.527777777777778	0.705882352941177
6269731	0.5	0.222222222222222	0.0625	0.454545454545455	0.529411764705882
1368929	0.230769230769231	0.36	0.846153846153846	0.580645161290323	0.388888888888889
6439529	0.75	1	1	0.743589743589744	0.833333333333333
399702	0.583333333333333	0.590909090909091	0.923076923076923	0.885714285714286	0.857142857142857
4034890	0	0.230769230769231	0.117647058823529	0.475	0.277777777777778
320691	0.0833333333333333	0.388888888888889	0.133333333333333	0.552631578947368	0.35
3793370	0.4375	0.166666666666667	0.0909090909090909	0.433333333333333	0.454545454545455
5643774	0.142857142857143	0	0.375	0.233333333333333	0.0588235294117647
2306031	0.916666666666667	0.962962962962963	1	0.657142857142857	0.769230769230769
2356356	1	0.52	0.866666666666667	0.6	0.727272727272727
3873284	0.583333333333333	0.875	0.647058823529412	0.517241379310345	0.285714285714286
2774227	0.357142857142857	0.821428571428571	0.769230769230769	0.605263157894737	0.4
4091758	0.777777777777778	0.434782608695652	0.111111111111111	0.548387096774194	0.473684210526316
2148338	0.272727272727273	0.6875	0.166666666666667	0.461538461538462	0.5
391627	0.785714285714286	0.4	0.8125	0.785714285714286	0.857142857142857
4170350	0.5	0.214285714285714	0.307692307692308	0.206896551724138	0.5
1651911	0.75	0.458333333333333	0.166666666666667	0.439024390243902	0.466666666666667
2716787	0.375	0.695652173913043	1	0.538461538461538	0.545454545454545
2222762	1	0.736842105263158	0.4	0.771428571428571	0.705882352941177
819315	1	0.85	0.5	0.67741935483871	0.727272727272727
5037723	0.4	0.703703703703704	0.909090909090909	0.46875	0.666666666666667
4412162	0	0	0.117647058823529	0.297297297297297	0.277777777777778
5413973	0.533333333333333	0.821428571428571	0.833333333333333	0.611111111111111	0.384615384615385
3754725_1	0.3125	0.521739130434783	0.625	0.619047619047619	0.894736842105263
3754725_2	0.3125	0.521739130434783	0.625	0.619047619047619	0.894736842105263
1514237	0.846153846153846	0.8	0.833333333333333	0.5625	0.941176470588235
5744540	0.4375	0.0357142857142857	0.133333333333333	0.25	0.0769230769230769
1094783	0.388888888888889	0.7	0.769230769230769	0.4375	0.214285714285714
1281813	1	0.904761904761905	1	0.714285714285714	0.941176470588235
4884172	0.384615384615385	0.380952380952381	0.181818181818182	0.25	0.153846153846154
1133597	0.5	0.7	0.5	0.774193548387097	0.846153846153846
1331603	0.75	0.363636363636364	0.142857142857143	0.5	0.444444444444444
2331594	0.333333333333333	0	0	0.25	0.0714285714285714
6195497	1	0.894736842105263	0.454545454545455	0.75	0.727272727272727
5926539	1	0.909090909090909	0.8125	0.741935483870968	0.941176470588235
4023704	0.181818181818182	0.470588235294118	0.888888888888889	0.394736842105263	0.263157894736842
6350607	0.411764705882353	0.875	0.615384615384615	0.65625	0.428571428571429
2133676	0	0.25	0.545454545454545	0.230769230769231	0.272727272727273
6112660	0.5	0.166666666666667	0.1	0.487179487179487	0.157894736842105
2219817	1	0.64	0.916666666666667	0.564102564102564	0.6875
4897169	0.588235294117647	0.947368421052632	0.8	0.588235294117647	0.538461538461538
704133	0.461538461538462	0.346153846153846	0.0588235294117647	0.333333333333333	0.181818181818182
4037172	0.5625	0.882352941176471	0.428571428571429	0.75	0.9
3786467	0.454545454545455	0.19047619047619	0	0.238095238095238	0.117647058823529
2967040	0.647058823529412	0.263157894736842	0.0769230769230769	0.461538461538462	0.285714285714286
6318271	0.166666666666667	0.0909090909090909	0.111111111111111	0.342857142857143	0.470588235294118
5999997	0.933333333333333	0.944444444444444	1	0.75609756097561	0.75
5269726	0.230769230769231	0.0588235294117647	0.285714285714286	0.441176470588235	0.333333333333333
4959403	0.944444444444444	0.944444444444444	0.636363636363636	0.642857142857143	0.769230769230769
3645354	1	0.8	0.470588235294118	0.585365853658537	0.615384615384615
906117	0.933333333333333	0.708333333333333	0.375	0.785714285714286	0.727272727272727
5121450	0.933333333333333	0.958333333333333	0.722222222222222	0.685714285714286	0.555555555555556
594416	0.4	0.88	0.75	0.78125	0.538461538461538
6440463	0.916666666666667	1	1	0.761904761904762	1
4342297	0.416666666666667	0.0588235294117647	0	0.243243243243243	0.0526315789473684
3254745	0.545454545454545	0.80952380952381	0.866666666666667	0.96875	0.894736842105263
6182760	0.5	0.65	0.909090909090909	0.448275862068966	0.5
6492526	0.214285714285714	0.615384615384615	0.636363636363636	0.545454545454545	0.631578947368421
5562866	0	0.181818181818182	0.2	0.352941176470588	0.411764705882353
4703112	0.384615384615385	0.590909090909091	0	0.351351351351351	0.153846153846154
4068440	0	0.19047619047619	0.5	0.195121951219512	0.4
5703510	0	0	0.0769230769230769	0.272727272727273	0.142857142857143
4437509	0	0.130434782608696	0.3	0.35	0.5
5927002	0.75	0.55	0.923076923076923	0.785714285714286	1
6495250	0.210526315789474	0.0454545454545455	0	0.266666666666667	0
3543354	0.714285714285714	0.294117647058824	0.333333333333333	0.647058823529412	0.7
2743095	0.583333333333333	0.68	0.785714285714286	0.344827586206897	0.363636363636364
1291560	0.888888888888889	0.954545454545455	1	0.689655172413793	0.75
5746262	0.555555555555556	0.75	1	0.578947368421053	0.588235294117647
1182582	0.428571428571429	0.318181818181818	0	0.466666666666667	0.357142857142857
3121371	0.0714285714285714	0.526315789473684	0.5	0.333333333333333	0.3125
4235282	1	0.888888888888889	1	0.702702702702703	0.7
492278	0.111111111111111	0.0588235294117647	0	0.303030303030303	0.285714285714286
2413933	0.588235294117647	0.65	1	0.82051282051282	0.611111111111111
2244635	0.6	1	0.8	0.655172413793103	0.6875
2296225	0.0588235294117647	0	0	0.266666666666667	0.133333333333333
5280129	0.615384615384615	0.68	0.777777777777778	0.463414634146341	0.307692307692308
3918606	0.142857142857143	0.380952380952381	0	0.310344827586207	0.428571428571429
3801596	0.266666666666667	0.555555555555556	0.8125	0.625	0.421052631578947
736709	0.941176470588235	0.923076923076923	0.533333333333333	0.764705882352941	0.833333333333333
5604038	0.181818181818182	0.277777777777778	0	0.527777777777778	0.333333333333333
634772	0.2	0.130434782608696	0	0.230769230769231	0.466666666666667
4532179	1	0.625	0.785714285714286	0.766666666666667	0.571428571428571
382243	0.444444444444444	0.272727272727273	0.111111111111111	0.555555555555556	0.466666666666667
5384384	0.6875	0.523809523809524	1	0.814814814814815	0.692307692307692
1530203	0.692307692307692	1	0.846153846153846	0.657894736842105	0.866666666666667
3076311	0.5	0.523809523809524	0.0909090909090909	0.3	0.1875
364865	0.625	0.4	0.769230769230769	0.448275862068966	0.416666666666667
4877451	0.833333333333333	0.5	0.444444444444444	0.777777777777778	0.8125
832931_1	0.466666666666667	0.538461538461538	0.5625	0.315789473684211	0.294117647058824
832931_2	0.466666666666667	0.538461538461538	0.5625	0.315789473684211	0.294117647058824
832931_3	0.466666666666667	0.538461538461538	0.5625	0.315789473684211	0.294117647058824
1206305	1	0.814814814814815	0.571428571428571	0.578947368421053	0.666666666666667
4584531	0.166666666666667	0.04	0.0625	0.371428571428571	0.263157894736842
5448946	0.916666666666667	0.666666666666667	0.4	0.658536585365854	0.9
3445925	0.4375	0.666666666666667	0.846153846153846	0.722222222222222	0.894736842105263
3167266	1	1	1	0.794871794871795	0.944444444444444
2604523	0.727272727272727	0.608695652173913	1	0.666666666666667	0.611111111111111
5539904	0.909090909090909	1	0.692307692307692	0.619047619047619	0.769230769230769
5075794	1	0.523809523809524	0.4375	0.609756097560976	0.75
4301379	1	1	0.857142857142857	0.771428571428571	0.909090909090909
909421	0.882352941176471	0.730769230769231	0.416666666666667	0.558823529411765	0.714285714285714
1836141	0.6875	0.791666666666667	0.6	0.666666666666667	0.846153846153846
1130894	0.411764705882353	0.538461538461538	0.333333333333333	0.147058823529412	0.214285714285714
4223433	0.214285714285714	0.636363636363636	0.733333333333333	0.69047619047619	0.722222222222222
2212989	0.4375	0.92	0.6	0.657894736842105	0.642857142857143
5561378	0.352941176470588	0.521739130434783	0.454545454545455	0.517241379310345	0.157894736842105
6526833	0.526315789473684	0.6	0.75	0.833333333333333	0.857142857142857
4952789	0.533333333333333	0.826086956521739	0.9	0.642857142857143	0.5
2230430_1	0.882352941176471	0.64	0.357142857142857	0.75	0.65
2230430_2	0.882352941176471	0.64	0.357142857142857	0.75	0.65
2230430_3	0.882352941176471	0.64	0.357142857142857	0.75	0.65
1420415	0.285714285714286	0.125	0.0588235294117647	0.41025641025641	0.307692307692308
4782664	0	0.04	0	0.222222222222222	0.0666666666666667
4355059	0.529411764705882	0.481481481481481	0.142857142857143	0.580645161290323	0.4375
4182040	1	1	1	0.783783783783784	0.882352941176471
3548913	0.444444444444444	0.3125	0.0909090909090909	0.5	0.545454545454545
1842713	0	0.227272727272727	0.333333333333333	0.366666666666667	0.0714285714285714
4410735	0.461538461538462	0.884615384615385	0.6	0.55	0.733333333333333
5059232	0.444444444444444	0.535714285714286	0	0.411764705882353	0.4375
4332924	0.642857142857143	0.153846153846154	0.2	0.35	0.263157894736842
146647	0.526315789473684	0.791666666666667	0.846153846153846	0.5	0.466666666666667
5890276	1	0.769230769230769	0.545454545454545	0.551724137931034	0.75
3417477	0.444444444444444	0.666666666666667	0.8	0.560975609756098	0.266666666666667
1624759	0.4	0.333333333333333	0.4	0.645161290322581	0.363636363636364
5002119	0.428571428571429	0.210526315789474	0.0769230769230769	0.175	0.388888888888889
2865774	0.714285714285714	0.411764705882353	0.75	0.676470588235294	0.428571428571429
1865485	0.5	0.157894736842105	0.384615384615385	0.171428571428571	0.0625
498997	1	1	0.75	0.833333333333333	0.923076923076923
6236377	0.928571428571429	0.894736842105263	1	0.736842105263158	0.666666666666667
262712	0.375	0.85	0.6	0.470588235294118	0.647058823529412
6384736	0.272727272727273	0.15	0.25	0.51219512195122	0.470588235294118
3220290	0.615384615384615	0.48	0.928571428571429	0.529411764705882	0.6
5633095	0.461538461538462	0.615384615384615	0.727272727272727	0.789473684210526	0.588235294117647
1715071	0.6	0.75	0.285714285714286	0.619047619047619	0.769230769230769
1211525	0.4375	0.19047619047619	0.352941176470588	0.128205128205128	0.230769230769231
219964	0	0.111111111111111	0.2	0.28125	0.230769230769231
2709578	0.666666666666667	0.72	0.846153846153846	0.647058823529412	0.714285714285714
5625942	0.733333333333333	0.32	0.272727272727273	0.5	0.307692307692308
702468	0.333333333333333	0.5	0.357142857142857	0.424242424242424	0.4375
5480980	1	0.590909090909091	0.636363636363636	0.8	0.642857142857143
2749820	0.545454545454545	0.444444444444444	0.857142857142857	0.515151515151515	0.416666666666667
396419	0.5	0.36	0.181818181818182	0.432432432432432	0.714285714285714
1874021	0.307692307692308	0.625	0.3	0.363636363636364	0.636363636363636
1453387_1	0.181818181818182	0.411764705882353	0.133333333333333	0.5	0.285714285714286
1453387_2	0.181818181818182	0.411764705882353	0.133333333333333	0.5	0.285714285714286
702213	0.3	0.210526315789474	0.153846153846154	0.404761904761905	0.533333333333333
5311878	0.428571428571429	0.291666666666667	0.0588235294117647	0.433333333333333	0.133333333333333
6324694	0.181818181818182	0.407407407407407	0.5	0.151515151515152	0.357142857142857
1888408	0.266666666666667	0.5	0.2	0.176470588235294	0.157894736842105
3724986	1	0.857142857142857	1	0.75	0.8125
2174159	0	0	0.166666666666667	0.222222222222222	0.263157894736842
5745089	0.5	0.461538461538462	0.615384615384615	0.375	0.733333333333333
5556490	0.333333333333333	0.259259259259259	0.0769230769230769	0.454545454545455	0.533333333333333
5548870	0	0	0	0.19047619047619	0.210526315789474
5406181	1	1	1	0.833333333333333	0.933333333333333
2510614	0	0.125	0.384615384615385	0.28	0.214285714285714
5041402_1	0.375	0.409090909090909	0.5	0.394736842105263	0.388888888888889
5041402_2	0.375	0.409090909090909	0.5	0.394736842105263	0.388888888888889
1449908	0.333333333333333	0.421052631578947	0	0.323529411764706	0.230769230769231
537971	0.421052631578947	0.409090909090909	0.466666666666667	0.606060606060606	0.75
1750027	0.0625	0.3	0.3125	0.382352941176471	0.166666666666667
2065574	0.2	0.111111111111111	0.266666666666667	0.444444444444444	0.307692307692308
6211455	0.384615384615385	0.55	0.4	0.321428571428571	0.117647058823529
322235	0.6	0.304347826086957	0.142857142857143	0.4375	0.533333333333333
3749155	0.0909090909090909	0.28	0	0.3	0.166666666666667
489867	0.352941176470588	0.296296296296296	0.3125	0.551724137931034	0.631578947368421
5103395	0.916666666666667	0.9	1	0.75	0.9
4859004	0.272727272727273	0.0869565217391304	0.3	0.310344827586207	0.0588235294117647
968795	0	0.142857142857143	0	0.25	0.0555555555555556
3810536	0.461538461538462	0.782608695652174	0.625	0.433333333333333	0.4
476568	1	0.642857142857143	0.909090909090909	0.787878787878788	0.8
4418362	0.5	0.538461538461538	0.833333333333333	0.619047619047619	0.882352941176471
6494553	0.357142857142857	0.277777777777778	0.214285714285714	0.517241379310345	0.666666666666667
5040392	0.5	0.684210526315789	0.727272727272727	0.885714285714286	0.666666666666667
4117096	0.5	0.590909090909091	0.882352941176471	0.486486486486487	0.421052631578947
4855460	0.833333333333333	0.944444444444444	1	0.727272727272727	0.928571428571429
4330379	0.842105263157895	0.894736842105263	1	1	1
998977	0.846153846153846	0.5625	0.8	0.59375	0.555555555555556
2116768	0.428571428571429	0.555555555555556	0.733333333333333	0.805555555555556	0.6
854430	0.3125	0.1	0	0.222222222222222	0.0714285714285714
4424275	0.5	0.578947368421053	0.75	0.710526315789474	0.722222222222222
3077690	0.411764705882353	0.157894736842105	0.0833333333333333	0.405405405405405	0.4
3371955	0.333333333333333	0.37037037037037	0.25	0.30952380952381	0.666666666666667
5764321_1	0.272727272727273	0.392857142857143	0.0833333333333333	0.125	0.133333333333333
5764321_2	0.272727272727273	0.392857142857143	0.0833333333333333	0.125	0.133333333333333
3149637	0.5	0.318181818181818	0.153846153846154	0.233333333333333	0.153846153846154
2015558	0.235294117647059	0.428571428571429	0.133333333333333	0.28125	0.125
3726011	1	0.6	0.461538461538462	0.621621621621622	0.5625
4032959	0.571428571428571	0.583333333333333	0.916666666666667	0.482758620689655	0.666666666666667
3190958	0.692307692307692	0.5	0.857142857142857	0.583333333333333	0.733333333333333
3554890	0.333333333333333	0.227272727272727	0.235294117647059	0.323529411764706	0.2
4450332	0.7	0.565217391304348	0.727272727272727	0.405405405405405	0.533333333333333
4807202_1	0.4	0.608695652173913	0.25	0.585365853658537	0.473684210526316
4807202_2	0.4	0.608695652173913	0.25	0.585365853658537	0.473684210526316
6241166	1	0.882352941176471	0.928571428571429	0.785714285714286	0.631578947368421
4203661	0.0625	0.181818181818182	0.4	0.115384615384615	0.181818181818182
4584258	0.357142857142857	0.178571428571429	0.0625	0.366666666666667	0.416666666666667
4180770	0.526315789473684	0.36	0.333333333333333	0.2	0.166666666666667
4365661	0.5	0.608695652173913	1	0.615384615384615	0.8
3799112	0.1875	0.52	0.5	0.242424242424242	0.285714285714286
1812990	0.3125	0.454545454545455	0.5	0.25	0.222222222222222
66368	0.333333333333333	0.5	0.6875	0.703703703703704	0.583333333333333
2593348	0.588235294117647	0.807692307692308	0.692307692307692	0.585365853658537	0.384615384615385
1976932	0.117647058823529	0	0	0.210526315789474	0.153846153846154
2940670	0	0.05	0	0.205128205128205	0.181818181818182
6527283	0.454545454545455	0.476190476190476	0.222222222222222	0.516129032258065	0.769230769230769
3974209	0.0625	0.24	0.0625	0.125	0.277777777777778
758734	0.294117647058824	0.409090909090909	0.4	0.352941176470588	0.166666666666667
4448794_1	0.461538461538462	0.666666666666667	0.666666666666667	0.379310344827586	0.368421052631579
4448794_2	0.461538461538462	0.666666666666667	0.666666666666667	0.379310344827586	0.368421052631579
581272	0.363636363636364	0.277777777777778	0	0.461538461538462	0.35
5592811	0.461538461538462	0.5	0.235294117647059	0.540540540540541	0.714285714285714
2368032	0.545454545454545	0.666666666666667	0.75	0.375	0.5
4309728	0.857142857142857	0.894736842105263	0.705882352941177	0.6875	0.615384615384615
1851586	0.866666666666667	0.952380952380952	0.909090909090909	0.733333333333333	0.944444444444444
5439455	0.714285714285714	0.772727272727273	0.769230769230769	0.647058823529412	0.45
3381690	1	0.761904761904762	0.833333333333333	0.85	1
1774690	0.230769230769231	0.25	0.571428571428571	0.285714285714286	0.222222222222222
915321	0.625	0.80952380952381	0.4375	0.575757575757576	0.733333333333333
1078131	0.315789473684211	0.347826086956522	0.666666666666667	0.333333333333333	0.466666666666667
2729210	0.4	0.473684210526316	0.846153846153846	0.5	0.5
1883823	0.857142857142857	0.64	0.5	0.555555555555556	0.588235294117647
2015210	0.5	0.722222222222222	0.888888888888889	0.558823529411765	0.454545454545455
3643593	0.333333333333333	0.3	0.111111111111111	0.484848484848485	0.4
5787244	0.888888888888889	0.857142857142857	0.75	0.620689655172414	0.785714285714286
6427449	0.0833333333333333	0.3125	0.333333333333333	0.264705882352941	0.0909090909090909
2835471	0.866666666666667	0.95	0.846153846153846	0.7	0.8
4950230_1	0.294117647058824	0.333333333333333	0.444444444444444	0.512820512820513	0.333333333333333
4950230_2	0.294117647058824	0.333333333333333	0.444444444444444	0.512820512820513	0.333333333333333
3940115	0.214285714285714	0.227272727272727	0.333333333333333	0.473684210526316	0.384615384615385
4869973	0.176470588235294	0.24	0.230769230769231	0.0645161290322581	0
3551857	0.384615384615385	0.592592592592593	0.857142857142857	0.55	0.7
3319196	0.533333333333333	0.333333333333333	0.2	0.463414634146341	0.555555555555556
3704133	0.666666666666667	0.458333333333333	0.3	0.46875	0.214285714285714
3636218	0.4	0.705882352941177	0.538461538461538	0.485714285714286	0.5
6579863	0.181818181818182	0.48	0.384615384615385	0.4375	0.444444444444444
5228923	0.388888888888889	0.32	0.2	0.454545454545455	0.5
6500303	0.714285714285714	0.421052631578947	0.307692307692308	0.571428571428571	0.5625
3712290	0.5	0.730769230769231	0.461538461538462	0.655172413793103	0.75
6076877	0.235294117647059	0.0909090909090909	0.4	0.148148148148148	0.285714285714286
1514694	0.125	0.458333333333333	0.333333333333333	0.423076923076923	0.3125
5272470	0.230769230769231	0.44	0.1	0.264705882352941	0.35
2996514	0.5	0.333333333333333	0.384615384615385	0.485714285714286	0.666666666666667
1854088	0.7	0.55	0.555555555555556	0.8	0.785714285714286
2826996	0.529411764705882	0.5	0.785714285714286	0.547619047619048	0.421052631578947
5234762	0.857142857142857	0.80952380952381	0.882352941176471	0.633333333333333	0.7
2467263	0.285714285714286	0.423076923076923	0.470588235294118	0.5	0.631578947368421
4186256	0.428571428571429	0.555555555555556	0.727272727272727	0.459459459459459	0.727272727272727
5527283	0.944444444444444	0.88	0.916666666666667	0.8	1
982475	0.363636363636364	0.363636363636364	0	0.354838709677419	0.285714285714286
4926112	0.6	0.555555555555556	0.545454545454545	0.558823529411765	0.785714285714286
5330632	0.176470588235294	0.28	0.454545454545455	0.4	0.470588235294118
2193982	0.4	0.458333333333333	0.545454545454545	0.432432432432432	0.6875
3059505	0.818181818181818	0.730769230769231	0.555555555555556	0.551724137931034	0.692307692307692
1674132	0.0625	0.142857142857143	0.0769230769230769	0.230769230769231	0.294117647058824
1759033	0.5	0.44	0.214285714285714	0.451612903225806	0.615384615384615
2646987	0.533333333333333	0.65	0.785714285714286	0.717948717948718	0.818181818181818
6405127	0.833333333333333	0.789473684210526	0.538461538461538	0.736842105263158	0.666666666666667
1955528	0.533333333333333	0.285714285714286	0.153846153846154	0.363636363636364	0.363636363636364
3042335	0.411764705882353	0.576923076923077	0.636363636363636	0.571428571428571	0.384615384615385
3348453	0.923076923076923	0.875	1	0.818181818181818	0.928571428571429
6582470	0.636363636363636	0.666666666666667	0.6875	0.517241379310345	0.363636363636364
6245600	0.375	0.461538461538462	0.1875	0.333333333333333	0.333333333333333
3726561	0.6	0.461538461538462	0.384615384615385	0.344827586206897	0.3
3265998	0.125	0.321428571428571	0.166666666666667	0.172413793103448	0.266666666666667
3195207	0.0666666666666667	0.15	0	0.146341463414634	0.0526315789473684
3917297	0.3125	0.545454545454545	0.272727272727273	0.375	0.307692307692308
5705980	0.0909090909090909	0.19047619047619	0.272727272727273	0.292682926829268	0.357142857142857
3463126	0.8	0.6	0.666666666666667	0.523809523809524	0.615384615384615
1640912	0.7	0.666666666666667	0.8	0.666666666666667	0.7
