0.0335570469798654
0.918449414819482
0.918449414819482
0.851369172049039
0.851369172049039
0.846212618546912
0.681589080524314
0.685325729326607
0.571258944570468
0.571258944570468
0.151515151515152
0.660377358490566
0.696703296703297
0.619517543859649
0.850965505859053
0.850965505859053
0.839118007349939
0.637044329033314
0.759592270710059
0.55216720833292
0.58166819850013
0.565862708719852
0.550087668030391
0.627819228914295
0.686500694945597
0.760013292202608
0.455814850094573
0.555555555555555
0.581103678929765
0.516091051816663
0.670863575266878
0.555555555555556
0.495798319327731
0.605472493108711
0.61514373534802
0.488671979593887
0.474684800733626
0.567171206150331
0.567171206150331
0.605793615755853
0.629739107698295
0.437580437580437
0.462689013671599
0.623212530705905
0.461388402066729
0.520871517595308
0.529072843788583
0.606308644963307
0.463281944449248
0.592334008127497
0.373255402875425
0.385957629613898
0.365432077728539
0.530564703992289
0.452186304657617
0.494853909565387
0.329891565546305
0.489616468233441
0.333552631578948
0.40821101217692
0.463450108065847
0.460377633593352
0.468750000000001
0.381834192042965
0.428785834562246
0.635172441636584
0.317949133862375
0.491907358585009
0.384776809978866
0.413637821923949
0.479645250499593
0.459770114942528
0.506739108344846
0.375538362892884
0.452356747156088
0.426177225941641
0.413144003378378
0.313517612228268
0.403299750541978
0.441505252254685
0.687866007467324
0.386658035280789
0.398045877132489
0.405032141422258
0.309832782883685
0.448453736529718
0.46218487394958
0.602041966432579
0.596116105521688
0.384557754916617
0.396723417924831
0.399764679515912
0.406380868690779
0.430186710907262
0.421686746987952
0.565199692577401
0.415744070411436
0.367272014587255
0.52954315823115
0.481008660899636
0.541589639620148
0.168978189043754
0.326878923409734
0.362111792496657
0.362464619991983
0.552552039377022
0.393908565794385
0.538263163237388
0.460111317254175
0.452127659574468
0.357518058758929
0.331955734098008
0.486906030822882
0.359904365612032
0.48167432391892
0.410527252414936
0.631871810478019
0.488467529002821
0.423459003748861
0.420807333741319
0.430600158707334
0.471666297814046
0.45464129858645
0.45014542406299
0.162315954198666
0.162315954198666
0.354005177398767
0.380963638449584
0.385530752331673
0.419315463953036
0.408054990717153
0.337054598040228
0.365589769379747
0.353030662516922
0.401543691364475
0.373914439006401
0.373914439006401
0.440622182019241
0.472863958636263
0.36307983478845
0.221509411123888
0.387150535304646
0.394016047048404
0.289312822746558
0.390782814516432
0.392514278770203
0.372808066315958
0.416481901510764
0.416481901510764
0.329037614612664
0.452839332649018
0.374095379645529
0.445482326717383
0.367103266804952
0.298702750873678
0.426104672311209
0.463917488105125
0.323527481485575
0.33443654971745
0.190440027934836
0.304478445696284
0.326332714764874
0.392863579023247
0.3406395266121
0.237140467680794
0.350944412036287
0.377272727272728
0.373831775700935
0.499402017872857
0.340786835276
0.370070349150423
0.414012738853504
0.192856279891983
0.342775948644553
0.414271519748739
0.372090712697632
0.418513697445149
0.305477255310509
0.316738566158249
0.305438792839807
0.348834414729301
0.313786870889001
0.34990928355656
0.471380471380472
0.297017539772905
0.319940476190476
0.327468878867649
0.282104159065653
0.334412506805606
0.45665887927898
0.303160425970457
0.318911526761834
0.236684454332786
0.236684454332786
0.236684454332786
0.206552645299955
0.354260966644389
0.267326732673267
0.270016211104606
0.333086109838292
0.393057331433436
0.317316025800575
0.275151404445564
0.313777866988369
0.299246801136456
0.373481626602814
0.287050691449621
0.354890253132621
0.381944444444444
0.168081705414916
0.35839771312499
0.437498467198038
0.312023447031372
0.312023447031372
0.336163876915546
0.36520929953627
0.260389135410383
0.265352094509154
0.295899929119937
0.362953971149959
0.309310059994783
0.289633615435517
0.32345013477089
0.312499999999999
0.325528269560251
0.245323819120362
0.307200937273898
0.39889060531217
0.313649092901498
0.391745451078118
0.283537389790667
0.329025549613785
0.329025549613785
0.308368271366027
0.340126461551848
0.27328976207093
0.47040523918308
0.185514451875436
0.254412843769402
0.336823133537641
0.378994629600821
0.300121460265964
0.290826226253328
0.418773624500327
0.489425780294829
0.368801382437251
0.368801382437251
0.398671096345515
0.268433940878046
0.407319386188203
0.271123783776831
0.351197352928534
0.252607621074866
0.375059216615458
0.418796002758273
0.248468814277303
0.109410802981929
0.240208488783588
0.21886370086292
0.262920473102067
0.307692307692308
0.366138981354639
0.241203713406848
0.277585092925673
0.358646293666213
0.45913253090733
0.359151083687946
0.359151083687946
0.359024843211553
0.415326204677143
0.30537936444589
0.291806236332944
0.273396824994106
0.282073013471468
0.250144366090208
0.356311410827989
0.347656711132098
0.294117647058824
0.299930873903681
0.346869301681637
0.323179227928116
0.234593943655426
0.234593943655426
0.234593943655426
0.319293315812656
0.302089289276745
0.291062106180145
0.291062106180145
0.219899069996006
0.214297395198322
0.384523005816369
0.282148968469637
0.339296191885081
0.273640135972757
0.322449322825385
0.286567164179105
0.194479075503388
0.256558641975309
0.267188870334107
0.256124658077361
0.370878442288608
0.370878442288608
0.316714611275078
0.298052300768216
0.274691566590418
0.20346318166004
0.285299393525242
0.276155211053682
0.288943451686598
0.340497955112855
0.242069144227154
0.378787934035898
0.217478352452154
0.215837481574297
0.289459533813526
0.220192774644527
0.311304347826087
0.273505202055119
0.315342344996754
0.315342344996754
0.350299684534975
0.276396484744958
0.264230571281523
0.263981862748857
0.310633623912374
0.252065329569608
0.279627611020168
0.302320103091407
0.275004011523955
0.225568874215692
0.279503105590062
0.34992285724669
0.27373702860263
0.348602842490209
0.297133009605707
0.434388082376772
0.279899677560951
0.357457074580052
0.299945108756309
0.20288513085433
0.27404502222613
0.172079321039161
0.3125
0.359787937551516
0.170281158176303
0.263157894736842
0.215285608903327
0.24124583869508
0.269650361420164
0.284472988096421
0.236051488652487
0.290777862004174
0.201259437490558
0.147319450863172
0.244727592683002
0.301768847949394
0.294171582857322
0.239432118088445
0.28306831857836
0.218323440349063
0.250896689490141
0.287383348562913
0.311250713877784
0.212527327393141
0.227248805064177
0.178257599156623
0.178150961102167
0.178150961102167
0.293175107522543
0.204455945694717
0.296535794479076
0.150952004539553
0.240053847385319
0.208333333333333
0.242070934370565
0.276470588235294
0.208018290909382
0.271699171821522
0.3592853111684
0.239058527650966
0.212258108271039
0.238714244645924
0.270237826234324
0.2909513049098
0.256539854209896
0.0607669277225876
0.264580508658032
0.240577466344991
0.275830798284142
0.199298530007657
0.126753188912682
0.32318556303573
0.180172176417765
0.198986352538553
0.198812486779232
0.287526303709539
0.23297552304116
0.224295514136985
0.254509166111359
0.286681717407719
0.171206996166488
0.267967141191685
0.251743710015796
0.237315149586862
0.165238912911694
0.308670618090522
0.24607329842932
0.210232978112626
0.308246706318576
0.290671783762242
0.248246563336513
0.248246563336513
0.253047485866832
0.297965669081044
0.245213052441297
0.246898349924642
0.255883502892442
0.249307544756441
0.236800194025628
0.150458492480888
0.142288796404309
0.192916554294266
0.204059331156519
0.278087419277568
0.251421878219606
0.262430420931893
0.246074504114054
0.247731432057344
0.209600333125294
0.272538093366943
0.306357296517659
0.210753507163439
0.162096089033427
0.082554976547248
0.280974949221395
0.233944984502583
0.292975447522733
0.20830118695817
0.221075795088631
0.157973122850387
0.174858525062491
0.215178631856441
0.216879503460084
0.230968273104179
0.304612122241565
0.178655627242041
0.302253274874589
0.279374498382668
0.208596478826319
0.2283541362467
0.23133926022117
0.222795164690305
0.232707701756294
0.270390258340028
0.223016345708424
0.294891803293651
0.228339735381989
0.250271510787451
0.250271510787451
0.182717435825115
0.182717435825115
0.124649777698135
0.251235348432674
0.240379184012334
0.238233050993231
0.253677672441974
0.196019618592775
0.208333333333333
0.235513435191839
0.209374522278014
0.284276825401102
0.1586029521297
0.220110032105425
0.27022791045987
0.201149352288439
0.109734864363274
0.227271092082303
0.134696951115223
0.186725699226038
0.263181917237711
0.21351374024273
0.19786386126469
0.17092255367414
0.206234593129125
0.24484747966888
0.187169724628689
0.14798032051267
0.209592671614595
0.240436753611142
0.238737623010108
0.252114947328546
0.152882267215286
0.212248200869879
0.264391345105316
0.113800369747035
0.140997451051693
0.148525163607657
0.230552495243156
0.245053274728515
0.276388811801977
0.217676964817435
0.251845497745494
0.274739821653621
0.245617833541409
0.180578857254538
0.224656812070886
0.264078650033367
0.194367767057571
0.216491615331539
0.158030431958325
0.20201764326948
0.195257815319535
0.189600097893747
0.282169020647194
0.130046236273142
0.209940898441205
0.159946273424572
0.21971273992112
0.176498246182159
0.203826500351928
0.0985443042583699
0.145226760777512
0.192501306742274
0.234254603527406
0.0944293106624809
0.147172673306706
0.144416570614957
0.236288792929497
0.190562817079505
0.180588453688208
0.272584875112513
0.151572532895413
0.204912734324499
0.155610825280369
0.183589146018846
0.237129761344446
0.134655406204563
0.212447261162748
0.188220018526811
0.162999610277401
0.191103872970634
0.150962325106444
0.0850505345287817
0.221171417669233
0.168848090469018
0.26846495948713
0.149669180180079
0.158309371495931
0.250036977430311
0.162968141008327
0.153898407057116
0.125513041930945
0.198826709765291
0.194277065077104
0.223161572069654
0.223161572069654
0.173219084653269
0.0895298972565663
0.0895298972565663
0.169311973215883
0.200957008180463
0.310093093954908
0.234602490227149
0.227274063969919
0.26093759054739
0.230955110133524
0.158954360106382
0.278077527519527
0.200300344498183
0.214669762715208
0.234483268689127
0.202418044822828
0.192801807438793
0.192801807438793
0.190985975352976
0.165886848043158
0.165886848043158
0.172852877263996
0.23529961078774
0.179928979189725
0.229328028658556
0.140388007054674
0.156203329616268
0.185396202490201
0.176751895178512
0.139452998970072
0.161525188654718
0.173162628743806
0.198592453053059
0.18705227906366
0.18222105660869
0.231805686395245
0.170132918838064
0.174394961844557
0.0945978283723901
0.171879763818546
0.238079445999255
0.229462183574093
0.188178557877423
0.175358414317968
0.174726242444822
0.159617670807669
0.183046178049259
0.183046178049259
0.12271174812965
0.172226648362716
0.210353468153751
0.172909591699401
0.0597253892348912
0.112526979970376
0.196659070107375
0.204234122042341
0.236744153292042
0.101546387000183
0.306859142360612
0.149483866557175
0.195269213970606
0.186857376324202
0.19302211030891
0.143201506700668
0.123352067880668
0.202089449947155
0.176644486083669
0.206221720213848
0.149428772275346
0.124021363166468
0.101091826868398
0.139459044569629
0.203484144587916
0.202384160397783
0.166412603212349
0.173072518645449
0.178588257468665
0.229948001535987
0.176145002750287
0.147105435742693
0.129250063995047
0.147506767784723
0.246723982013247
0.201300904537826
0.146940815027405
0.198957311077131
0.189277505579706
0.167907037257947
0.171559640985408
0.152000897632976
0.143363200297348
0.165401652419664
0.158866426294742
0.146254364675686
0.18576672625194
0.144017310319418
0.155750348509077
0.133330840733912
0.150716679214089
0.140148256047756
0.167700903416895
0.171405122325978
0.16904436893791
0.194249164382142
0.178708259083628
0.148660003825237
0.134908308147368
0.163808158602395
0.127351937769835
0.165751899938782
0.103080676846193
0.157271331432332
0.0630703427531002
0.0630703427531002
0.0630703427531002
0.166033555246038
0.13023606937774
0.217136105357184
0.157615223909236
0.159721503643808
0.131629316731618
0.150662012810109
0.217668326446823
0.113702141070085
0.141429680039371
0.0486137661798844
0.10985707238221
0.198846218631245
0.132879767229971
0.0961458771604278
0.10300074618624
0.143756288616711
0.165797752718372
0.165797752718372
0.165797752718372
0.112757237020656
0.137481677681487
0.119700157872641
0.153646467104729
0.142437576055799
0.16082801868221
0.120152733504871
0.189772769790393
0.172184149384772
0.135756131812487
0.175438504044973
0.169168937735554
0.0631240633902254
0.115693558498673
0.110240170013178
0.171335739836802
0.133380133380133
0.147224527314584
0.135682694749837
0.107274914094384
0.131882084261312
0.0702543004617126
0.15706213131398
0.0801412375241998
0.0894259380736223
0.0298169860584092
0.15191253277
0.0183174141132033
0.145246393699133
0.125891333930358
0.154316722247133
0.116842457270021
0.111855958352207
0.111855958352207
0.106399985108106
0.146870951909407
0.102208733715557
0.102139319099961
0.123543123543124
0.13531322281899
0.0784290250229413
0.142044235387317
0.1641689373297
0.11988011988012
0.134464713597309
0.0102481018282266
0.0102481018282266
0.134283869687199
0.0850010448526745
0.0890997471664167
0.079298489073652
0.107460259089161
0.139578296610966
0.114976427518465
0.0949816843215747
0.0854127798507464
0.0917958046661477
0.140188718550123
0.103898284737751
0.12782921679403
0.137200231185264
0.140813308147807
0.089660481782097
0.135003929999673
0.114963229387468
0.111111111111111
0.0888496231459531
0.0942186857792187
0.128646636740105
0.0511486776099001
0.121481825863443
0.11195866686708
0.102806590914586
0.102806590914586
0.105500213676976
0.0846518620293847
0.185475756003861
0.119763849934968
0.0862415293564229
0.0188155811946905
0.0708827826438751
0.0861089093278404
0.0861089093278404
0.156028019385933
0.10802266612302
0.112103250048425
0.0948925343747654
0.186709911601519
0.103108779610938
0.0673790327539651
0.0938399649694312
0.102849846595128
0.101487073154928
0.123667146466766
0.151870371565848
0.0775169532400793
0.0450447589504681
0.0885765744439293
0.0885765744439293
0.148795517576537
0.118687400293805
0.08681744953575
0.0756039154983612
0.0762188751749033
0.080684756721091
0.115100537687553
0.100733891302845
0.0893700940743072
0.0883511301591747
0.121791013352019
0.0812008197066339
0.136676611819042
0.0883303010210159
0.0643784573716581
0.0863742960067163
0.0605671579985955
0.0353775450644511
0.0353775450644511
0.0540193370341286
0.0918181517128904
0.130790518864956
0.0914877392234655
0.124455232885957
0.0508254439732211
0.0597176646908868
0.0596350375371241
0.0970490163023582
0.0741510080628461
0.0814581645973039
0.0762411207567791
0.0817661145868748
0.0658876254595574
0.0668421893023633
0.0758674071045462
0.0650302252745865
0.0632277811119224
0.083555056112056
0.0669280912549149
0.12305374361257
0.0427569598935206
0.0684349680789217
0.053416131128544
0.0601659529702975
0.073292962949261
0.0864251695427143
0.0619182348452252
0.0653643193463417
0.0847724017960603
0.0494500595344712
0.0551868492163508
0.0744763581848977
0.0439277968396775
0.056936172418863
0.0393344068824153
0.0543806777287601
0.0510417082984037
0.057774270696672
0.0456494853325948
0.0144725557461406
