1
0.0239520958083836
0.961240310077519
0.888888888888888
0.771929824561404
0.740740740740741
0.624603105806264
0.840336134453781
0.750000000000001
0.644485175987584
0.705207835642618
0.512997563281553
0.706254771404561
0.488475415910908
0.56171399144007
0.640528550054493
0.705882352941176
0.686391982999632
0.702290076335877
0.63768115942029
0.645161290322581
0.597948412271439
0.597948412271439
0.686868686868687
0.337052000653718
0.356210533001516
0.687898089171974
0.0347826086956522
0.413684688141557
0.275847677803063
0.275847677803063
0.275847677803063
0.380583713303463
0.372158948499179
0.372158948499179
0.372158948499179
0.387452542883137
0.586347336383357
0.44858377169501
0.398374900041326
0.344955002980487
0.344955002980487
0.643586235925498
0.418466439409657
0.651162790697674
0.528560778635687
0.411064822807005
0.473551127425317
0.608329283542698
0.495178244117757
0.483776259502191
0.629787234042554
0.608695652173913
0.600807088982807
0.38112941391191
0.571428571428571
0.472677917951155
0.469241496125574
0.583783783783784
0.583783783783784
0.454429915436873
0.323693870431928
0.322072604464793
0.494692097490759
0.494692097490759
0.48
0.647302904564315
0.324391767390554
0.324391767390554
0.324391767390554
0.355150286519017
0.50251256281407
0.469469650181324
0.469469650181324
0.469469650181324
0.561085972850679
0.450919851806798
0.450919851806798
0.449429945608089
0.364274494357479
0.285446830195876
0.364457546578279
0.364457546578279
0.428571428571428
0.428571428571428
0.304967479338047
0.359292611918021
0.2390085567413
0.366891324249079
0.559585492227979
0.495581762387575
0.257249453317881
0.440076440406306
0.454545454545454
0.229276360203664
0.349668737294436
0.349668737294436
0.266824320501186
0.364301394782701
0.261646835759197
0.246689508779523
0.427931939288997
0.487084870848708
0.303775583518136
0.406269608971618
0.35851007232185
0.29666093883486
0.243400988797921
0.243400988797921
0.297123868210274
0.269078851262234
0.341993079599775
0.283966881362227
0.473824762554522
0.390697674418605
0.390697674418605
0.390697674418605
0.296503991089746
0.448430493273543
0.344370860927152
0.260652235236524
0.273056924949198
0.402581597361269
0.402581597361269
0.402581597361269
0.201935502655102
0.444444444444444
0.43338994441739
0.314824511512417
0.314824511512417
0.295265073992519
0.302879296905581
0.223473976700439
0.289596208391881
0.289596208391881
0.304737044980752
0.262014353110415
0.364436999104209
0.313686298215776
0.313686298215776
0.420928865373309
0.357735139086466
0.390901290139355
0.158697056405147
0.324324324324324
0.324324324324324
0.208286251092309
0.437922886932122
0.237362637362637
0.24087541193445
0.11809168257341
0.147390204307231
0.359285454859432
0.435643564356436
0.452830188679245
0.240193130071707
0.444253507726561
0.444253507726561
0.288433142011396
0.413793103448276
0.339909777391633
0.3140629577895
0.252524561796795
0.295024485902621
0.129835632544917
0.315417859155158
0.242669084336204
0.285112757394879
0.250356077503964
0.274166330543348
0.318956484757761
0.218940578663084
0.405848476980315
0.198216811537764
0.120528046394891
0.175743209026335
0.175743209026335
0.19637225024287
0.230033702850938
0.262008733624454
0.0924004095309008
0.356475181522547
0.198561222554606
0.16962100165082
0.212807845714224
0.329519393039337
0.310601967171841
0.172309044207388
0.387096774193548
0.170039193661472
0.27201958703251
0.330827067669173
0.330827067669173
0.41717791411043
0.126295379320775
0.307692307692308
0.313144535046453
0.244676906769118
0.218223307382928
0.269064217269367
0.156474139801328
0.156474139801328
0.322761665099615
0.322761665099615
0.311815599699444
0.188615341498083
0.208222700717309
0.25297454967371
0.248181168334004
0.277356934362761
0.256085313044187
0.256085313044187
0.223894044048882
0.182019407346278
0.191053535024153
0.223295469468976
0.223295469468976
0.0954167783436073
0.0954167783436073
0.0954167783436073
0.194534533993125
0.149213462294966
0.421652421652421
0.421652421652421
0.308574838156475
0.259668612313663
0.259668612313663
0.259668612313663
0.199463926219188
0.299100423428857
0.355555555555556
0.179128094464301
0.179128094464301
0.177919654092034
0.356484341274472
0.356484341274472
0.171757443165947
0.214937478541804
0.228051316148553
0.226893379983364
0.226893379983364
0.226893379983364
0.260144596436603
0.157613237861964
0.33477495398994
0.35766481927755
0.35766481927755
0.274477466689827
0.181929553912943
0.371134020618557
0.394275096388149
0.0537266206378083
0.217220605484129
0.127412334546841
0.179407748290838
0.141773056410718
0.237837837837837
0.219904537172348
0.216231914133625
0.102726445332594
0.286524538751543
0.193639071705065
0.199108867933809
0.214955590862557
0.214955590862557
0.0825835140194912
0.304093567251462
0.0523325171378906
0.394728960766696
0.204466872254929
0.313725490196079
0.104287093688723
0.304595121017292
0.0782126180319195
0.32618025751073
0.147846566467805
0.130583738697674
0.147485828003268
0.147485828003268
0.17633556094153
0.271288585109328
0.292682926829269
0.119460213310121
0.180021753681531
0.104433488220882
0.114384886812077
0.19108639587363
0.328219737223157
0.0966449079907897
0.0966449079907897
0.0966449079907897
0.295243260010105
0.0645165815840887
0.256986517650818
0.338983050847458
0.162123450779092
0.0250260441076951
0.0638032900745883
0.0638032900745883
0.174610413434807
0.218069766619547
0.208284372596506
0.204555704727572
0.199336686355259
0.212232982034089
0.212232982034089
0.0981579272211985
0.0491639419958683
0.103724492156808
0.242885592071927
0.162834531087927
0.353356890459364
0.156262954243676
0.118811881188118
0.0473245420316269
0.0684849335981214
0.187690249563967
0.181947343939881
0.292682926829269
0.115841287679451
0.258139657593838
0.232219146914525
0.190281712011394
0.17922104255945
0.244897959183674
0.244897959183674
0.155127474744905
0.154359810544297
0.162331767991683
0.16446722719604
0.129739781887239
0.116959064327486
0.115882999797179
0.149557402840343
0.233197510545277
0.235890221637523
0.114983636059773
0.300000000000001
0.129283128878832
0.0916218998369888
0.105126945687156
0.0356397219872618
0.327543424317618
0.155250399389678
0.161698096325207
0.137185025346741
0.14151865528569
0.232804232804233
0.136345214678434
0.136345214678434
0.136345214678434
0.23631569405628
0.23631569405628
0.100008267769038
0.090522583153914
0.184892084462974
0.134014785297171
0.0974117718560633
0.17139195968702
0.17658594346267
0.314606741573034
0.200578547912178
0.148803775435763
0.148803775435763
0.0881247743459888
0.14849688296351
0.0200967137022167
0.0862471578182858
0.212404641738268
0.271844660194175
0.150819913892827
0.110859401383825
0.151818145442744
0.177131246253177
0.177131246253177
0.228571428571429
0.200540947600819
0.218160984788757
0.15192361029113
0.120439084419814
0.128417833600714
0.0803358768302843
0.0928162825060578
0.113367393042088
0.239760647514329
0.239760647514329
0.241179688792193
0.241179688792193
0.198416861528712
0.0896937287311621
0.168691536387512
0.128928877189354
0.153368073725965
0.153368073725965
0.0668465017961098
0.0424907229197288
0.0587808417997097
0.0964644151084829
0.240886833704711
0.202983704538667
0.132919636532753
0.0428446952029523
0.0664584620574787
0.0990079937775499
0.161946524300479
0.161946524300479
0.161946524300479
0.156456847892428
0.138375359981573
0.138375359981573
0.12065170646517
0.175401171217149
0.192766714880593
0.17458786299967
0.113070007120026
0.234161988773055
0.30188679245283
0.150294152858867
0.246153846153847
0.192454528521824
0.226923977390548
0.132831813377796
0.133908515417603
0.0773573038653409
0.240633292961906
0.244897959183674
0.0760737083204073
0.0922231498244149
0.0922231498244149
0.254681647940075
0.0155907383613868
0.150881859495321
0.109786449294425
0.109786449294425
0.121056836457468
0.192470664928292
0.108968859092198
0.168424920847
0.146699382085119
0.273291925465838
0.273291925465838
0.273291925465838
0.171779141104294
0.210526315789474
0.167168004483848
0.181050717579064
0.240963855421686
0.097639055622249
0.0723617383551404
0.099538807543741
0.0940078720785742
0.0940078720785742
0.103995968569775
0.198061392833554
0.0693200631846635
0.217841196777906
0.0597710832161974
0.0168213442169809
0.0965101508430778
0.113108976434956
0.0503085434883801
0.224873624939806
0.125509788651834
0.116239706201842
0.161468690283812
0.214551639612237
0.0961844796080137
0.141331570508946
0.0532847446868705
0.0328460491172123
0.033434788964499
0.140083346528236
0.0580232694171272
0.0580232694171272
0.239316239316239
0.195961603587148
0.183675931590405
0.27807486631016
0.198042991911768
0.100612581343159
0.0388838087362787
0.0388838087362787
0.244897959183674
0.145432130705402
0.153392330383481
0.0875345639580518
0.0773653516859176
0.18874830906342
0.274368231046932
0.0869271891658692
0.0869271891658692
0.164773945461598
0.0429319073146337
0.0670420795668367
0.100854376942752
0.0436770544834068
0.0436770544834068
0.045977011494253
0.000846269822560758
0.216216216216216
0.216216216216216
0.0769316907598861
0.260623229461757
0.223350253807107
0.0619522722714684
0.0507250695728347
0.0567460975757666
0.132780446412014
0.0930797321177642
0.250746268656716
0.076441086264121
0.0649636238476386
0.189545242992969
0.189545242992969
0.131550177387049
0.0472561087937843
0.0469598007090757
0.147195492911084
0.078466753425256
0.0910261846865449
0.217054263565891
0.158737526108145
0.0521291170241407
0.00678673041814912
0.0395216242723421
0.0395216242723421
0.186793878991445
0.041433340669022
0.0978817477476726
0.068916221645515
0.105547786249655
0.168940145502646
0.202020202020202
0.202020202020202
0.172256097560975
0.0299905063024013
0.124840780728749
0.019810192781908
0.19672131147541
0.131634859160407
0.148795078535647
0.179591836734694
0.0793201133144476
0.177605688164388
0.0584971587248378
0.0925757337455391
0.0613831376639088
0.0649176603370501
0.0434065878497962
0.156710199129948
0.0806398179516115
0.071423637920826
0.19475382399287
0.0849242342333227
0.0849242342333227
0.0791936468054559
0.0044229702327444
0.0247422473944778
0.0954776034644983
0.0401997642147702
0.0402075741058661
0.105177149222612
0.105177149222612
0.0873941609445244
0.143423229607338
0.0471896202088141
0.073808017524625
0.0227586171413191
0.112291341096361
0.0666541476661153
0.0749098906172864
0.0608176777781964
0.202020202020202
0.207407407407407
0.191149070028862
0.131071005183849
0.14369291050162
0.134564997706256
0.107822454901483
0.107822454901483
0.18348623853211
0.088940975024697
0.193732193732194
0.0510372965296233
0.0514901042775055
0.0360642831187994
0.0792794418797708
0.179028263589246
0.171919770773639
0.175824175824176
0.0980537504768277
0.0440225843932894
0.0687154912935634
0.10426571397868
0.130745276363283
0.0361901702381962
0.0175745460603033
0.0917533437440661
0.0917533437440661
0.0520067482577068
0.0645846333625527
0.10985426983227
0.0341858555099823
0.0914109235608966
0.156634738602239
0.0385776585566392
0.278584606414076
0.0793418308828475
0.0900135942918469
0.0495634219419568
0.117240077852485
0.0697803111081973
0.0367240203138025
0.0701219512195121
0.0534344231642311
0.0697848722894419
0.0788404849274383
0.0517301923327748
0.0293209876543211
0.128156935265169
0.0750183924888926
0.0548457846909934
0.146615969581749
0.052877374671655
0.0441987181234972
0.0719363150537025
0.232558139534884
0.0601319031088271
0.110685085625862
0.127888302779385
0.0502920340627544
0.0502920340627544
0.0383648949765643
0.0639247791105524
0.201438848920863
0.184615384615385
0.181184668989547
0.0441144604313939
0.0382451457176408
0.121141975308642
0.0510540896353898
0.0349340753072023
0.0204269486773957
0.0921878127203645
0.115619677726103
0.115619677726103
0.115619677726103
0.188235294117647
0.170212765957447
0.0585192542326178
0.118020655835605
0.104615828275471
0.211332615772687
0.105741361333019
0.00597475483842178
0.0929606861216984
0.082360790280636
0.0309579924450429
0.0273975125135969
0.0972972564912417
0.0610599991105393
0.0952120228481047
0.0656261925695864
0.0266679307632141
0.105570067277663
0.182349304624803
0.117149435346382
0.183006535947712
0.0942379986568392
0.0345502618331387
0.0869599958544789
0.127271476717793
0.0267176047676756
0.0731638683050372
0.124287560528971
0.124287560528971
0.150170648464164
0.0487573111505546
0.0487573111505546
0.11380525843646
0.11380525843646
0.11380525843646
0.051495777474946
0.0496436421040215
0.0301396255528047
0.0802013266144087
0.0802013266144087
0.0802013266144087
0.0319571194563593
0.0190877400812414
0.165289256198347
0.0649812873365004
0.0864572541619539
0.0539761665256004
0.105873695501742
0.0553302101014173
0.0675143025948266
0.0675143025948266
0.0791462407079176
0.134228187919463
0.0983513625925201
0.0716249695163841
0.0653480246137355
0.10369351085728
0.163379050557187
0.0393722715477792
0.0375223028751435
0.00733620447916929
0.0352886443871662
0.0657905095408313
0.0952685714285711
0.0952685714285711
0.0851388291535609
0.0616991153109078
0.0570586611301196
0.0285589944307755
0.0259088254348915
0.0196254076685801
0.120401337792642
0.160857908847185
0.0203073232041495
0.146341463414634
0.124060096007836
0.124060096007836
0.0469153706420446
0.0469153706420446
0.0469153706420446
0.0778421143430583
0.153287449109968
0.0287980235106788
0.0287980235106788
0.0695239082354
0.0695239082354
0.0492667712489567
0.0153891861754698
0.0704728423820646
0.0196820589552899
0.139505389980976
0.132752147080402
0.130434782608695
0.130434782608695
0.0291722277237074
0.0356208871077278
0.0777746088251809
0.0516198093347734
0.0594543188918092
0.0369668544287817
0.155844155844156
0.00370193519388184
0.0457077396711559
0.11510076345533
0.016741377871398
0.0114540248170537
0.111707525471375
0.121883656509695
0.037748275225084
0.0752646202034505
0.0752646202034505
0.0167589888911995
0.0139665164934678
0.0732022403628918
0.0249088478057388
0.0338165140740048
0.118143459915612
0.0968858131487895
0.0373834829792783
0.0751225613401165
0.010317564212419
0.0911786710319237
0.00399454296367134
0.0526109367996414
0.0683612079786376
0.102564102564102
0.0380224158230331
0.0316496817373359
0.115384615384615
0.0444784207366913
0.0793781544784777
0.0359556857800905
0.0249345355771279
0.0658167613841732
0.0664390702626509
0.0158643067598244
0.0370790156474282
0.0195756584658655
0.0555901616466008
0.0750915698036542
0.0320634025769309
0.0868886394767375
0.0492078819271747
0.0190384972841398
0.046356167483901
0.127388535031847
0.127388535031847
0.0383873350926043
0.0165351014643248
0.00537475508453938
0.014182216493248
0.0409662534861173
0.0277310862509453
0.0135062190363076
0.0135062190363076
0.0377824171039872
0.0494318931342652
0.0494318931342652
0.0559609971623151
0.0290143959647452
0.033579356720184
0.033579356720184
0.0210675341085044
0.0260049068419117
0.0133787698956503
0.0430709735322783
0.0115133323602099
0.00792040533612673
0.099644128113879
0.092237802390268
0.0455381189136627
0.0612091754959681
0.0355094082131295
0.026517428845539
0.077577024297228
0.077577024297228
0.077577024297228
0.0307053122927279
0.0747509252572182
0.0375881710922711
0.006214151981487
0.00943013227576103
0.0082454887373139
0.0196507300513451
0.0784579656993653
0.0784579656993653
0.034816100329467
0.0602088995762817
0.0301010517654082
0.00931390737620151
0.00907264527433158
0.0190855081488154
0.0245148619980687
0.0332288252430786
0.0217811812501623
0.0258927760567505
0.0142857526620636
0.0256593205334756
0.0385474949806432
0.0269764419088231
0.0578514793700717
0.0593146718074543
0.00617634885748779
0.0114035074286652
0.048276245234937
0.00276779064522857
0.0491513631412409
0.0491513631412409
0.0634920634920635
0.026526396515987
0.00215237667682371
0.0472783613811458
0.0472783613811458
0.0531724931550336
0.0053055633595579
0.0219160974905007
0.0529348424099568
0.0559571294597605
0.0303800612333666
0.00859431676675616
0.00859431676675616
