1
1
1
1
1
1
1
1
1
1
1
1
1
1
1
1
1
1
1
1
1
1
1
1
1
1
1
1
1
1
1
1
1
1
1
1
1
1
1
1
1
1
1
1
1
1
1
1
1
1
1
1
1
1
1
1
1
1
1
1
1
1
1
1
1
1
1
1
1
1
1
1
1
1
1
1
1
1
1
1
1
1
1
1
1
1
1
1
1
1
1
1
1
1
1
1
1
1
1
1
1
1
1
1
1
1
1
1
1
1
1
1
1
1
1
1
1
1
1
1
1
1
1
1
1
1
1
1
1
1
1
1
1
1
1
1
1
1
1
1
1
1
1
1
1
1
1
1
1
1
1
1
1
1
1
1
1
1
1
1
1
0.991367344866109
1
1
1
1
1
1
1
1
1
1
1
1
1
1
1
1
1
1
1
1
0.977777777777778
1
1
0.893772893772894
0.932720998417271
1
1
1
1
1
1
1
1
1
1
1
1
1
1
1
1
0.998805256869773
0.895891912921994
0.987043931496649
1
1
1
1
1
0.921351468138348
0.921351468138348
0.775430754812198
1
1
0.926372155287818
1
1
1
0.965517241379311
0.909570011096328
1
0.955785667324129
1
0.983606557377049
1
1
0.98020117627659
1
0.956369912566061
1
0.977777777777778
1
1
0.965517241379311
1
0.875114224794395
1
0.965517241379311
0.952380952380952
0.965517241379311
0.922315475411235
0.972972972972973
0.880700694654183
0.945454545454545
0.941176470588236
0.941176470588236
0.931731080335944
0.989669848259582
1
0.972972972972973
1
1
0.945454545454545
0.945454545454545
0.965517241379311
0.948033206306654
0.828407737251121
0.89191610539718
0.825821639872378
1
1
1
0.878402903811252
0.878402903811252
0.878402903811252
0.941176470588236
0.889885634588563
0.926311313454411
0.926311313454411
0.921904761904762
0.951985262939616
0.898165717900064
1
0.983606557377048
1
1
0.897959183673469
0.923076923076923
0.965517241379311
0.789543953341297
0.923076923076923
0.90909090909091
1
0.839822535970783
1
0.965517241379311
1
0.972972972972973
0.923076923076923
0.983606557377048
0.78150452575005
0.879145859279591
0.879145859279591
0.976076555023923
0.869565217391304
0.941176470588235
0.92952365739539
0.92952365739539
0.888412810558809
0.925332111772789
0.925332111772789
0.878112658462656
0.980620365838182
0.841629003801218
0.90909090909091
0.707964162714836
0.92180956374503
0.917709763385286
0.841564373394234
1
0.869565217391304
0.911503788586792
0.929717840327181
1
0.821917808219178
0.837209302325581
0.839506172839505
0.7909780283881
0.878048780487805
0.91894102346327
0.897959183673469
0.80414132173717
0.845592281130449
0.845292955892034
0.919168717528028
0.869565217391304
0.878048780487805
0.811764405815592
0.848484848484848
0.825396825396825
0.763713898042256
0.842105263157894
0.877785775044168
0.847139540421479
0.819277108433735
0.897959183673469
0.842105263157894
1
0.725139506174187
0.842105263157894
0.692040735051488
0.692040735051488
0.755991502213146
0.752663130202269
0.959988465143104
0.727688090161438
0.821917808219178
0.8
0.8
0.792515684573383
0.8
0.852422919861371
0.821917808219178
0.821917808219178
0.744255003706449
0.768364843411747
0.8
0.941176470588235
0.765957446808511
0.857142857142858
0.796008869179601
0.8
0.571428571428571
0.713804713804714
0.848057839773378
0.723686058445417
0.794369852222063
0.771929824561404
0.858012003320843
0.819332851855195
0.826546003016591
0.859220130480654
0.888888888888888
0.888888888888888
0.572540717151098
0.923076923076923
0.825396825396825
0.897959183673469
0.776119402985075
0.102564102564102
0.830188679245283
0.771929824561404
0.830188679245283
0.776119402985075
0.897959183673469
0.779220779220779
0.776119402985075
0.825396825396825
0.75
0.828690871782307
0.75
0.718461189049424
0.69100601252092
0.69100601252092
0.528301886792453
0.848484848484849
0.804395188026901
0.721560874010965
0.714378565754315
0.719943168564054
0.702042321700245
0.718396231534846
0.779220779220779
0.781679798303126
0.761904761904762
0.652738565782044
0.762696201942574
0.646915052160954
0.671401869158879
0.756756756756756
0.531031218148916
0.703788405794262
0.765334659983577
0.837209302325581
0.794061302681992
0.740740740740741
0.717948717948718
0.74933145672062
0.658227848101266
0.825396825396825
0.830075767913367
0.830075767913367
0.830075767913367
0.689655172413793
0.673913043478261
0.666666666666666
0.661586732406993
0.824217356336435
0.689655172413793
0.725281803542673
0.705882352941176
0.51527244340359
0.771929824561404
0.694120277218869
0.727272727272727
0.807111111111111
0.695652173913044
0.670153104423792
0.670153104423792
0.734693877551021
0.628496155377876
0.609031391640087
0.649359589847642
0.606060606060606
0.682926829268292
0.693094066266839
0.771929824561404
0.747606360120327
0.747606360120327
0.613843888070692
0.800570422334263
0.665440039078401
0.654545454545455
0.654545454545455
0.615384615384615
0.565580531559164
0.779220779220779
0.543380491437082
0.666666666666666
0.756756756756756
0.721506172858343
0.740740740740741
0.571428571428571
0.506619036773314
0.749736453721274
0.586222222222222
0.586222222222222
0.446897034993211
0.606874514256881
0.541679145607017
0.651162790697674
0.702040816326531
0.63157894736842
0.571907561557715
0.56321319052943
0.641047058511967
0.501759468613752
0.446400410752925
0.7082264599829
0.520752735533621
0.571295244995806
0.674157303370786
0.58479955130298
0.58479955130298
0.582171304181892
0.376068376068376
0.705882352941176
0.606060606060606
0.609459339093257
0.460686433334589
0.431062399791932
0.602739726027397
0.674157303370786
0.682926829268292
0.682926829268292
0.646306555486418
0.740740740740741
0.564223798266351
0.564223798266351
0.63768115942029
0.63768115942029
0.525110875766392
0.654545454545455
0.654545454545455
0.654545454545455
0.63157894736842
0.702627880459282
0.581370061616528
0.63768115942029
0.651162790697674
0.513767667098373
0.473780024444079
0.689655172413793
0.666666666666667
0.623912760397239
0.571428571428571
0.571428571428571
0.521649626231161
0.603508771929825
0.522328407804967
0.54721661536169
0.549016447376723
0.55843529920754
0.55843529920754
0.57231096140308
0.587661969702693
0.375991476916419
0.681920263269073
0.30025654197438
0.446510113842898
0.538868538868539
0.584795321637427
0.362848604341177
0.387063959815361
0.81147351376359
0.81147351376359
0.48
0.605074746549058
0.63768115942029
0.484983213809279
0.200996293986886
0.563555848680511
0.499341058850261
0.651162790697674
0.537313432835821
0.606060606060606
0.579328959790845
0.517647058823529
0.493569081520888
0.5141065830721
0.526549956475481
0.528301886792453
0.629530212911029
0.559080728532763
0.203265455879655
0.324324324324324
0.530037098959317
0.479409674084715
0.324831666665971
0.571428571428571
0.405797101449276
0.54054054054054
0.51093547187978
0.426127766838308
0.5
0.282051282051282
0.521739130434783
0.571428571428571
0.545680915396929
0.524158466513131
0.470918687427585
0.545454545454545
0.571428571428571
0.58479443725051
0.433734939759036
0.505780918727915
0.532757927074571
0.532757927074571
0.413793103448276
0.438545160446252
0.438545160446252
0.576605606341868
0.407706949385495
0.499999999999999
0.528301886792453
0.45609871397837
0.466116078120309
0.343779045004561
0.470588235294117
0.571428571428571
0.540987237441678
0.549163017227563
0.421150521402712
0.459016393442623
0.473118279569892
0.459016393442623
0.485669619593538
0.383600018744981
0.516920178949847
0.371150235948093
0.450369629722211
0.400610766903058
0.477441462021702
0.388664743951566
0.37642765918628
0.369747899159664
0.473118279569892
0.473118279569892
0.473118279569892
0.326640662849197
0.110413042243778
0.302960570176264
0.4205656012464
0.292442751142312
0.54054054054054
0.444444444444445
0.48780487804878
0.413793103448276
0.48780487804878
0.387148780770805
0.469046255646752
0.225318323023167
0.31565840420955
0.5
0.406581023213883
0.371718207392904
0.415984839586502
0.4
0.343037315220593
0.288309878079968
0.397954132981356
0.320448179271709
0.320448179271709
0.299519093989004
0.433734939759036
0.150844851670585
0.447498915357507
0.4
0.4
0.448671328671329
0.413793103448276
0.313074801598469
0.288895261243793
0.389632107023412
0.453258386261781
0.395604395604396
0.340575455079272
0.351204351204352
0.363636363636363
0.383561643835616
0.433734939759036
0.423602377465759
0.408163265306122
0.363636363636363
0.363636363636363
0.391472217559174
0.351861845655694
0.264668910240778
0.33089060540041
0.23766401052601
0.268477290145234
0.299968478922944
0.363636363636363
0.254070495616389
0.363636363636363
0.184152034967192
0.124938408519454
0.344727605482565
0.175630400282137
0.235207232095844
0.354512024855957
0.329411764705883
0.224
0.194505808664917
0.378947368421052
0.186685822614337
0.200469599475936
0.257056293677746
0.171591804570528
0.231484257871064
0.277227722772277
0.182178542850695
0.172459838461687
0.25531914893617
0.23375418180894
0.0991892020109756
0.119313215700243
0.040727182113188
0.0774403095888493
0.173913043478261
0.173913043478261
0.0627023650036456
