TARA_7	TARA_9	TARA_18	TARA_22	TARA_23	TARA_25
204359	33	58	16	15	14	15
1380479	23	46	12	14	13	9
2802704	39	64	11	16	9	10
5137502	30	52	15	19	12	16
5221030	29	54	16	17	17	9
5693341	31	47	19	16	17	15
1008402	30	53	16	18	11	12
3555381	35	52	17	12	9	10
328160_1	26	49	10	25	11	11
328160_2	26	49	10	25	11	11
4128482	30	58	14	24	9	11
5700697	34	62	13	19	15	13
5096454	22	49	11	22	15	11
1915501	26	44	13	16	12	17
3056327	28	47	11	18	9	16
2863487	33	45	13	16	13	11
255739	35	49	11	21	12	21
5993622	38	61	20	16	26	20
188538	24	47	12	17	10	16
1318341	37	72	20	21	21	13
4990826	31	70	10	24	22	10
1052411	40	68	15	15	26	14
194124	35	67	9	10	10	16
2772134	25	59	9	18	23	10
564036	29	61	14	17	23	9
5979310	33	62	11	20	15	16
5184981	36	56	15	15	14	16
5799705_1	33	57	10	13	21	10
5799705_2	33	57	10	13	21	10
5806554	21	48	9	11	11	18
4928602	40	59	9	17	16	14
5346821	41	59	17	15	20	14
940570	32	46	14	17	20	12
4306233	39	64	17	24	22	18
3479569_1	30	62	13	18	20	9
3479569_2	30	62	13	18	20	9
317219	24	49	18	20	15	9
5820064_1	26	48	12	15	14	19
5820064_2	26	48	12	15	14	19
5820064_3	26	48	12	15	14	19
5447817	22	51	12	19	21	13
2095434	37	56	10	22	11	10
5002138	26	60	12	19	15	15
653071	27	54	14	14	19	18
2243451	37	56	17	19	14	17
3932655	28	52	15	14	11	14
799474	27	44	10	15	14	10
628260	36	59	21	15	20	12
1030002	29	59	9	10	13	22
702126_1	37	54	9	16	10	15
702126_2	37	54	9	16	10	15
1244977	36	49	12	16	16	10
4512675_1	28	55	9	21	11	14
4512675_2	28	55	9	21	11	14
267005	35	65	19	24	21	15
5441495	29	59	18	14	10	17
1036459_1	28	54	10	21	23	12
1036459_2	28	54	10	21	23	12
4238943	24	66	15	25	21	14
4017498	25	49	10	15	22	15
2040666	43	53	9	15	12	10
2536894	26	48	18	13	10	14
3483618	32	61	16	21	15	9
2251836	31	63	16	20	27	10
543039	23	47	10	17	9	16
314096	43	60	9	15	9	16
5028391	34	50	14	14	9	21
6179995	36	69	14	23	26	15
6020676	31	61	22	15	24	12
3146501	36	55	18	17	28	16
823567	36	60	15	20	11	17
5241504	36	52	13	12	15	17
1110673	28	56	16	9	12	22
548443	31	55	12	17	22	19
2978717	21	53	16	15	21	9
5186706	27	66	15	17	27	10
5163022	36	69	18	18	20	16
4894413	36	61	16	25	25	16
3228291	28	52	18	14	10	12
5616212	28	53	14	17	17	21
4260288	26	55	18	19	11	19
144363	32	43	10	23	11	11
4895608	29	63	16	23	21	16
64188	21	54	22	14	16	12
292567	34	64	13	15	18	12
4996653	24	49	11	18	10	15
4985568	38	62	13	17	9	13
4359264	22	69	15	22	25	14
1763284	27	49	11	21	11	10
5200036	31	67	12	16	21	14
2626125	34	40	10	19	11	14
751229	32	57	14	15	21	15
2560714	29	61	15	22	15	9
5703117	31	48	10	12	21	14
316311	42	63	16	20	10	20
2806366	33	63	14	13	19	11
1828206_1	23	51	19	21	13	16
1828206_2	23	51	19	21	13	16
1376933	35	53	15	18	22	10
2618152	39	66	15	15	21	20
3143151_1	37	53	10	20	9	15
3143151_2	37	53	10	20	9	15
6020093	24	50	17	19	20	13
3149957	23	67	17	17	19	14
3534332	29	60	19	19	18	20
4953425	32	56	16	21	21	17
6360127	31	67	10	18	16	22
496389	31	50	17	18	10	21
1769105	39	63	18	22	13	17
2240805	31	57	11	14	21	17
5032396	27	46	10	19	15	17
4355302	39	56	11	10	13	14
663455	32	63	18	25	10	19
869566	41	53	11	17	13	11
376561	27	50	9	15	17	18
5886074	33	57	12	12	15	13
6184360	33	70	14	17	11	19
671881	35	69	21	21	20	10
5377161	24	59	9	24	17	11
6183	34	52	12	9	13	19
6217376_1	27	60	13	22	25	9
6217376_2	27	60	13	22	25	9
5596584	32	69	15	23	23	16
4417064	25	58	16	18	16	13
3227225_1	26	45	16	15	15	12
3227225_2	26	45	16	15	15	12
5766922_1	37	63	13	15	20	20
5766922_2	37	63	13	15	20	20
5869933	33	65	15	21	12	21
820269	33	49	14	16	14	14
5697412	34	58	14	12	20	10
5841649	22	47	12	16	13	11
20058	29	56	16	19	9	16
216784	28	52	9	11	17	17
781450	35	62	11	14	18	14
715153	22	51	9	10	13	16
1263255	28	45	14	17	12	15
5152413	34	61	18	19	22	19
5357463	31	46	17	14	22	9
2225753	29	55	13	12	12	10
340948	35	60	12	11	14	18
5481157	30	68	21	15	27	11
2708486	37	55	13	22	21	14
1007443	31	60	13	14	21	11
4935136	24	59	12	23	14	10
3272443	27	58	17	20	26	10
3141011	33	67	14	19	25	18
107776	30	47	16	9	12	22
3317247	32	55	11	17	10	17
2022656	24	71	17	17	26	12
4230011	28	67	22	23	21	16
929801	24	44	17	16	11	10
278401	30	52	10	14	12	11
312706	32	50	17	22	21	14
6141641_1	24	53	14	17	21	10
6141641_2	24	53	14	17	21	10
37251	32	64	14	16	17	17
5988472	23	59	14	19	11	10
998473	37	59	13	22	25	11
6210273	35	49	17	14	21	10
5141156	42	63	22	22	25	16
1875121	37	59	9	14	18	18
6335615	35	48	17	13	20	16
5160338	27	53	14	12	13	13
1839606	24	58	10	19	20	12
5820034	26	62	10	16	9	14
431275	27	50	12	14	11	10
6335244	34	65	19	19	27	13
5208825	32	70	9	17	18	16
2188474	29	56	13	18	28	14
5458792	29	44	10	15	14	11
4930624	37	67	11	17	23	13
2605169	30	51	17	13	15	14
5276072	32	64	18	13	12	12
871784	39	65	18	22	24	13
4991882	28	62	22	18	23	13
5192989	30	41	18	16	12	13
4283495	32	53	22	11	21	15
2511562	41	69	18	18	23	15
5521629	27	71	17	19	22	11
5625256	26	57	22	18	25	18
1996657	35	57	12	11	21	11
5157130	28	68	20	15	21	20
782713	28	62	20	14	12	11
6580220	29	60	18	16	26	11
3532071	38	70	11	21	24	16
4247023	24	51	12	9	11	9
2190572	38	65	19	15	15	11
72375	35	67	10	14	22	20
622064	35	61	13	18	16	9
5484674	27	65	10	21	18	17
506550	28	51	13	23	21	11
194428	30	51	15	19	10	20
1304262	29	61	12	16	16	11
279713	39	62	15	18	16	10
331551	24	68	15	21	25	17
1473277	38	55	13	18	10	10
5481879	35	63	21	17	16	17
4361597	31	60	10	24	16	16
5665267	27	56	22	18	15	11
2131645	31	51	10	13	13	20
5871551_1	23	63	15	22	12	13
5871551_2	23	63	15	22	12	13
775258	35	64	14	21	28	16
1840668	28	53	14	15	18	10
5438952	24	64	12	16	17	13
253110_1	36	54	9	19	10	17
253110_2	36	54	9	19	10	17
5733027	37	42	15	18	11	14
4226116	36	65	19	18	27	17
2091492_1	33	53	22	21	18	12
2091492_2	33	53	22	21	18	12
548984	35	63	12	23	9	12
4956170	26	69	11	22	28	12
92845	40	50	12	18	12	18
2797652	30	49	14	12	18	10
1044605	36	65	9	17	10	14
948362	42	55	17	12	10	10
642450	29	63	14	23	26	10
1243023	37	68	13	16	25	15
756350_1	30	60	17	9	9	21
756350_2	30	60	17	9	9	21
5643081	34	49	14	15	12	17
337786_1	24	45	16	14	18	11
337786_2	24	45	16	14	18	11
2163250	33	56	15	24	16	14
2374042	35	60	12	21	28	19
1911495	30	65	15	24	21	13
335288	34	66	12	20	11	13
358286	28	53	17	19	26	18
6215207	26	70	22	17	21	16
567088	34	61	19	10	12	18
834953	41	70	19	17	25	18
5333957	33	60	12	16	14	15
1075414	30	53	16	9	17	12
5220120	23	52	10	12	12	22
1312824	35	64	17	13	11	11
546124	28	55	10	19	23	19
3133114	27	56	16	17	17	13
246990	38	56	17	23	9	18
5723025	26	50	19	13	19	11
4930025	33	55	15	24	20	14
1019856	26	62	15	17	10	16
2078733	25	66	9	12	16	13
2749185	28	56	10	18	16	10
83657	34	61	19	12	10	9
2707165	23	53	9	15	24	10
2509754	37	58	16	21	11	13
1028487	35	47	13	14	10	21
5089212	28	66	17	17	20	19
5632051	29	60	22	22	25	11
42672	32	57	12	17	28	18
1960187	34	53	11	12	10	14
1769753_1	30	52	16	15	16	19
1769753_2	30	52	16	15	16	19
551437	34	64	17	13	9	21
4649902	26	55	9	24	9	13
96822	33	72	18	16	18	12
4953103	39	65	12	14	12	19
2123242	34	64	16	25	9	15
3217148	26	59	18	20	27	14
2655113	35	60	20	18	24	13
1597293	26	58	15	25	18	14
2738774	34	55	10	14	10	15
806166_1	30	61	10	22	15	19
806166_2	30	61	10	22	15	19
130240	30	69	13	19	17	18
4806493	36	46	9	14	14	10
3540998	39	67	14	17	10	16
1212968	28	55	13	14	23	17
2547091	34	51	12	13	16	19
5174439	33	53	21	11	12	9
4951221	26	71	18	18	23	19
1904029	24	53	13	17	25	10
110853	36	71	11	22	24	10
222728	25	55	19	15	25	15
5164491	24	45	9	19	10	18
5214624	24	54	17	12	12	20
5187338	25	62	17	24	22	16
280413	31	43	9	23	10	18
217829	30	56	14	15	18	21
237728	29	65	21	17	22	17
33646	32	55	21	11	10	10
2164644	36	56	10	13	17	11
695461	24	45	12	9	15	17
1473968	24	61	9	11	11	12
6067198	22	46	18	18	14	10
1334244	25	53	16	11	23	14
5098124	32	62	14	25	9	16
1508561	25	63	15	20	28	13
4591985	26	70	18	24	26	17
2627554	35	58	17	23	21	14
5221527	42	66	10	17	9	16
3816942	29	59	12	18	25	14
3309711	32	58	16	21	21	10
5757533	25	55	16	10	11	9
5273854	34	60	9	14	22	11
6007408	25	55	14	11	19	18
6008383_1	31	54	9	25	13	13
6008383_2	31	54	9	25	13	13
36013	33	46	12	16	14	9
410749	37	47	13	10	11	19
5175129	28	51	10	20	12	16
4336111	35	57	9	17	9	16
4953242	29	62	9	9	12	17
5708907	31	56	19	19	27	15
87871	26	55	10	15	17	9
84642_1	34	54	14	20	25	16
84642_2	34	54	14	20	25	16
1831494	24	53	18	11	14	14
1748305	27	50	17	16	20	10
5385592	31	55	20	14	23	11
631806	21	50	14	16	12	10
2482601	35	62	10	16	13	13
231736	35	61	20	21	20	21
767582	29	60	12	21	23	14
5716758_1	32	44	14	12	11	19
5716758_2	32	44	14	12	11	19
5982708	30	71	16	21	21	11
134623	27	56	10	16	9	12
1776547	39	52	16	11	10	13
5307792	27	70	21	20	28	17
7127_1	37	69	11	16	9	21
7127_2	37	69	11	16	9	21
7127_3	37	69	11	16	9	21
2819617	34	68	10	17	10	16
5225619_1	34	60	19	18	18	13
5225619_2	34	60	19	18	18	13
5140730	29	48	17	16	17	18
3658727	22	53	14	10	10	10
1818987	30	67	21	21	19	17
6045929	28	53	9	18	25	13
3252896	30	62	11	17	12	9
268389	38	65	11	20	25	15
197526	27	42	11	21	11	18
4222921	26	57	19	11	15	10
3834558	32	67	11	17	14	11
745195	30	54	11	16	21	15
689512	27	53	18	20	23	9
712504	27	53	14	12	24	17
779456	27	67	16	22	20	11
4415440	37	64	12	18	12	11
1559853_1	31	49	14	10	10	19
1559853_2	31	49	14	10	10	19
498939	35	50	17	22	13	15
4320911	37	67	13	19	25	14
49743	35	52	12	12	12	13
794819	27	55	9	10	23	10
1313959	27	46	9	15	14	19
5610999	29	50	13	20	13	13
260468	33	54	13	13	10	17
2007038	24	57	13	13	17	20
65364	30	56	20	23	12	13
1788263	30	58	18	13	17	14
5721875	32	54	16	12	11	19
5062260	28	66	14	25	17	13
8206	32	62	11	15	10	18
2230512	24	58	17	20	14	17
1181021	34	63	18	22	13	12
805214	24	56	13	23	14	13
309080	21	57	16	12	11	12
1006101	30	66	9	20	18	10
126166	28	61	12	10	9	16
6390074	35	66	9	13	28	10
649906	34	62	10	18	20	9
1473609	23	49	19	21	11	11
3534934	26	54	14	22	25	12
362231	28	48	18	20	19	18
724341	25	40	12	17	13	10
34355	34	56	13	17	17	20
694320	23	53	13	22	13	15
1796504	36	47	9	11	12	15
327282	40	70	22	14	25	12
883346	29	47	18	13	11	14
2513034	23	55	16	23	15	11
4273089	41	65	11	19	9	12
924210	27	52	9	21	12	9
522820_1	33	41	9	13	10	22
522820_2	33	41	9	13	10	22
5873629	31	65	12	14	25	17
1399203	30	63	12	22	10	15
490586	33	65	19	23	26	14
959606	31	69	18	13	15	15
2011081	32	62	14	12	17	15
1216281	23	59	9	16	24	16
410486	33	63	18	20	28	16
47110	38	50	15	9	11	13
2310348	24	52	20	15	17	14
792941	28	63	16	12	16	15
338482	35	66	13	20	28	17
163751	32	66	14	19	9	17
165498	32	52	15	17	12	9
5400468	38	65	9	19	28	10
480272	27	43	9	14	12	12
664243	30	60	22	16	17	14
2540780	35	55	17	22	15	11
2220423	25	54	16	13	13	19
1959102	29	59	14	15	22	21
2028294	33	68	11	21	21	14
4916477	36	66	15	13	17	13
2632873	28	57	11	14	11	10
942533	29	46	10	15	9	15
2151821	36	67	17	16	13	16
3817581	32	59	10	22	21	9
864096	32	50	13	14	11	11
4951722	25	56	17	15	22	10
5628203	34	67	13	22	17	13
2899534	41	65	11	19	26	15
5059098	22	61	14	11	11	14
2532698	40	65	16	16	27	10
6134852	30	53	20	15	20	11
5816742	30	46	13	19	16	11
1052086_1	25	61	18	14	18	10
1052086_2	25	61	18	14	18	10
1892437	24	47	14	11	12	10
5477752	28	62	15	17	15	17
29804	42	51	13	15	9	10
1500213	27	48	12	13	11	10
44083	34	71	20	19	23	10
5003626	34	52	11	15	19	17
855125	37	49	16	18	10	17
418894_1	30	62	13	16	17	9
418894_2	30	62	13	16	17	9
418894_3	30	62	13	16	17	9
2242684	26	50	21	13	16	15
4196611	38	64	16	21	24	12
161310	30	44	16	9	13	14
1986479	34	52	13	15	16	14
849404	24	48	14	19	12	17
3234416	26	53	9	9	20	12
1134519	40	51	12	11	9	12
5163442	26	57	11	23	13	14
933627	40	66	12	17	13	19
4809311	30	60	10	18	19	9
5339026	24	51	10	19	15	16
134949	36	63	13	22	23	10
5157703	34	55	17	9	9	20
292797	33	62	9	21	12	20
1828482	27	53	11	10	9	20
4750576	25	66	19	25	24	9
2263285	21	47	13	20	16	12
559443	32	59	22	15	24	9
4243518	41	52	13	10	10	10
4968234	30	54	18	16	9	9
200297	26	69	19	25	28	12
4509932	31	47	17	11	20	14
4960954	41	50	11	21	11	12
5181647	30	63	18	20	20	12
2372614	40	50	12	17	9	22
1195721	34	65	15	12	21	14
1714251	36	55	11	20	13	15
560380	35	67	14	15	24	10
2061714	38	65	20	25	26	9
1220158	42	67	16	17	26	16
2663526	29	67	16	15	23	16
4371472	26	54	17	20	16	15
469226	32	66	19	19	25	16
5722123	25	59	17	12	18	12
844029	25	57	15	12	19	15
781044	32	63	15	22	13	20
3651382	27	66	19	16	25	17
1767046	30	56	10	24	26	11
4818388	28	61	14	24	24	15
2523604_1	31	55	14	22	15	12
2523604_2	31	55	14	22	15	12
5035521	23	59	17	19	20	15
5357580	28	52	13	16	27	12
132248_1	26	47	22	17	11	12
132248_2	26	47	22	17	11	12
363015	35	58	22	14	27	16
4217031	35	47	10	22	15	16
18929	39	62	11	10	15	12
279162	35	40	13	14	9	16
3694669	32	69	20	14	22	11
324569	24	57	18	12	10	12
5158354	32	68	12	13	16	10
5144683	38	65	10	9	12	17
5766597	29	56	17	12	16	12
3461074	26	54	16	16	17	17
1865878	26	59	17	17	14	10
1612305	27	56	18	20	22	14
1222794	31	58	9	16	9	9
3640576	33	58	15	19	24	16
655941	35	55	11	17	9	13
11285	33	61	11	16	9	20
3429283	33	56	16	20	21	15
5750241	29	61	16	15	13	20
912903	39	68	13	13	26	10
5837093	32	49	14	15	19	17
1122866	29	56	22	21	12	12
97065_1	37	68	14	15	14	13
97065_2	37	68	14	15	14	13
97065_3	37	68	14	15	14	13
2649898	22	64	11	17	18	10
2793154	35	67	19	19	26	13
2276008	22	49	9	12	19	9
931428	26	56	15	15	13	12
5102858	36	64	20	18	26	15
4597531	31	69	10	12	18	17
465803	29	64	11	18	23	10
89915_1	36	55	11	13	19	11
89915_2	36	55	11	13	19	11
3165387_1	37	51	13	14	17	20
3165387_2	37	51	13	14	17	20
620549	35	67	21	14	27	16
784621	24	50	12	19	14	11
401179	28	72	16	20	28	20
5262190	29	68	14	18	28	21
372447	27	55	9	11	16	15
5656353	27	60	16	18	27	11
6209953	27	51	20	10	10	20
5244764	35	69	15	20	12	15
1159188	27	57	10	17	18	16
4967710	24	60	10	17	26	11
484868	40	70	21	15	21	9
5119264	32	63	11	21	24	15
161475	26	61	15	9	9	18
663002	38	62	17	20	22	12
91352	25	48	17	15	23	9
4940243	24	57	12	21	22	16
1333818	33	61	18	12	20	13
5175621	36	60	19	19	11	18
753517	32	47	13	14	12	18
4241149	32	57	10	23	11	13
631898	33	54	10	23	15	14
3556958	27	55	14	14	12	12
270649	36	60	19	13	23	10
755300	29	47	18	12	11	9
2275045	28	62	18	14	21	18
4940921	24	60	18	15	15	13
2203424	34	60	16	24	20	15
1141866_1	30	69	14	14	28	9
1141866_2	30	69	14	14	28	9
1546368	34	63	9	11	19	19
3527146	24	58	19	16	20	18
496408	28	55	16	15	25	9
3457286	35	59	22	13	9	20
753923	25	53	12	22	11	9
5100987	25	52	20	14	9	19
5829463	25	49	12	13	11	9
5887059	31	50	17	9	19	17
2099349	42	61	9	10	10	15
5916421	39	65	9	18	21	15
2204411	35	64	14	19	9	13
5143188	21	52	20	15	20	10
908104	26	53	11	18	17	10
5520962	27	50	13	16	17	9
4347257	33	55	18	10	11	9
4939942	32	64	9	14	11	11
725960	28	51	14	11	11	13
5010159	25	52	22	11	13	10
4903227	31	61	15	11	16	13
3311669	26	51	10	16	23	9
942363	32	54	18	21	12	12
2177437	36	65	9	20	11	18
797207	26	55	10	16	11	13
5815964	28	50	21	20	14	9
2157501	31	58	13	19	10	17
3241180_1	31	63	16	11	16	16
3241180_2	31	63	16	11	16	16
5163050	30	58	11	14	18	19
42299	39	50	17	17	13	13
973440	32	61	9	17	13	15
387405	25	49	14	16	10	12
5180225	30	65	19	23	26	18
2519102	23	60	21	19	14	16
5821160	29	48	11	15	21	13
2973832	38	70	22	16	24	11
309846	28	63	13	21	11	18
1718915	35	58	18	18	27	11
2726314	29	57	14	15	20	20
4232526	33	70	15	15	14	12
259865	36	66	15	14	11	13
5027004	25	58	10	13	14	16
2278750	35	49	20	15	16	13
4037508	31	67	12	25	22	9
3045997_1	41	63	20	20	28	12
3045997_2	41	63	20	20	28	12
1990419_1	32	61	16	15	10	11
1990419_2	32	61	16	15	10	11
2038723	29	62	13	14	15	17
170621_1	28	53	20	17	9	9
170621_2	28	53	20	17	9	9
256544	28	65	22	22	26	16
570290	22	47	14	17	19	12
947773	35	64	16	24	23	14
3217467	25	54	13	22	11	18
3695541	30	56	11	12	18	21
4273217	37	55	11	15	10	12
4278178	27	56	15	19	11	11
756329	32	53	10	13	21	14
21083	38	63	15	11	13	12
5356019	24	49	10	22	9	12
2507152	26	58	15	22	21	9
3216723	26	59	15	18	23	15
2738725	36	52	16	18	11	20
107023	30	48	16	15	20	12
137823	37	47	9	19	9	20
43972	27	64	12	22	20	9
2713586	36	50	15	20	17	17
168931	33	47	10	13	13	9
1066612	32	63	21	20	21	9
4456442	34	67	11	23	25	15
6409733	25	61	18	15	23	9
464560	33	56	14	18	9	18
1787395	32	67	16	18	23	11
832779	30	61	20	15	21	18
3612220	31	59	20	13	24	12
724099_1	27	66	9	15	9	12
724099_2	27	66	9	15	9	12
698259	32	67	16	10	25	15
315914	25	51	20	10	20	14
2038375	32	50	14	14	10	19
217027	30	65	10	13	11	19
2849587	27	51	16	21	14	18
2461203	25	56	11	12	12	14
1486991	27	48	11	17	20	12
6512170	25	67	18	17	15	15
821837	30	45	9	18	11	12
5361247	24	52	18	19	22	15
807099	32	63	18	18	12	14
1213209	26	58	19	23	15	11
4738760	33	64	15	20	11	14
2141758	24	44	16	18	12	13
5469182	36	60	20	22	28	17
5153715	30	61	20	19	11	16
1819574	36	64	19	13	13	19
1797656	32	53	12	13	20	17
234402_1	41	60	16	17	11	20
234402_2	41	60	16	17	11	20
528843	34	59	11	17	22	10
2228823	26	59	19	20	26	16
1476203	23	59	9	22	17	11
113504	26	57	12	17	16	15
492100	34	57	19	15	12	10
1841631	26	59	10	19	27	9
713389	36	60	14	9	15	13
160045_1	40	48	15	12	15	13
160045_2	40	48	15	12	15	13
5163220	34	51	12	16	9	16
4903064	30	60	14	15	17	18
2628058	24	64	16	13	17	18
2757627_1	30	67	19	22	24	20
2757627_2	30	67	19	22	24	20
1793400	32	66	13	24	24	15
5793114	32	67	14	12	27	19
240342	38	66	20	16	23	10
19289	28	65	10	13	9	20
3972923	32	69	14	12	14	20
5194971	32	62	15	15	12	17
4905845	26	61	13	20	15	20
2670581	30	55	17	17	17	13
5460947	41	53	11	17	10	14
1986239	37	71	22	19	22	16
644191	31	63	10	10	14	17
2676480	30	69	9	13	17	18
3527940	31	72	20	22	21	10
2299135	36	61	16	21	25	14
807203	39	60	11	9	10	13
503725	31	63	10	17	11	19
4591419	21	47	14	13	18	16
1107520	25	60	16	16	19	17
5863253	37	55	9	13	13	15
6048914	36	52	11	13	10	12
3148437	37	61	19	23	20	18
3960111	34	60	11	15	25	9
93993	24	59	19	16	20	15
5299875	21	60	16	9	9	12
2212066	28	47	11	9	9	17
3479674	21	60	17	15	18	14
2280015	36	62	19	20	23	21
1818287	32	61	18	14	27	9
5743918	26	60	21	18	10	16
1568354	21	50	20	20	14	13
647349	28	44	9	19	16	14
5651562_1	23	57	13	21	25	15
5651562_2	23	57	13	21	25	15
1407614	23	70	19	19	27	15
906887	29	46	15	11	13	13
2672878	22	46	10	17	11	10
1085692	31	50	12	9	18	14
267794	27	56	14	11	21	11
5139948	22	45	15	11	9	16
1973528	40	65	10	14	10	13
5605518	25	50	17	18	11	16
5056319	25	56	20	22	23	13
1175525	23	63	21	13	17	17
4969522	29	57	11	14	11	14
5178437	30	65	11	16	13	11
206598	23	47	9	16	12	19
1823418	32	64	19	18	19	11
5066718	24	56	11	19	27	11
5624144	40	63	11	19	25	14
2445997	32	49	11	11	10	17
84370	28	50	11	12	18	20
5099373	23	55	22	17	25	14
103573	37	49	15	22	15	18
5648734	33	55	15	13	25	10
1090017_1	24	46	14	17	9	10
1090017_2	24	46	14	17	9	10
818158	29	48	15	19	14	15
5793422	27	52	10	14	12	19
757196	24	48	15	25	12	9
873573	33	52	13	20	13	17
2097044	27	46	17	15	15	13
684860	30	68	15	18	17	17
127275	23	53	14	14	25	10
406767	36	66	13	10	14	13
792688	31	56	14	23	19	14
2466246	32	57	10	24	9	18
2286307	27	46	18	9	19	18
2168374	38	71	13	15	28	13
2278692	30	57	14	13	9	16
1842529	32	62	11	16	9	18
882219	26	44	19	16	10	9
1580945	32	49	15	12	13	13
2228307	31	67	13	22	15	12
5671447	32	54	17	12	16	15
1160384	27	66	13	18	12	16
834712	27	65	16	17	11	17
4983083	25	52	15	11	14	10
2288292	28	64	13	22	16	17
5235089	34	63	18	16	21	11
2078108	21	44	9	15	15	11
537142	31	47	12	12	13	13
108867	34	53	14	15	12	16
1784735	37	56	16	17	20	20
5068002_1	33	70	10	24	25	18
5068002_2	33	70	10	24	25	18
5068002_3	33	70	10	24	25	18
2653642	24	59	11	15	10	14
4004797	31	70	13	16	28	19
3025176	35	62	12	19	9	16
3129076	34	62	13	15	16	16
496766	30	72	10	22	28	11
4771214	33	56	9	11	13	15
878950	41	57	13	9	13	14
5448045	28	46	15	14	11	16
1969865	35	64	14	22	28	12
1852563	26	42	12	9	12	14
1971177	37	61	17	14	14	14
836554	25	57	13	15	21	12
5399751	29	57	13	16	26	17
5699623	26	62	20	18	20	16
5070139_1	41	63	18	22	25	18
5070139_2	41	63	18	22	25	18
438283	27	56	14	15	16	12
1089798	29	58	12	13	12	17
125510	37	45	12	15	15	12
147680	33	48	17	18	14	13
6261546	29	72	22	21	20	9
2236779	26	59	9	15	11	12
1954979	27	59	14	13	16	15
1083400	35	51	18	14	10	11
375375	33	54	10	17	21	12
441513	29	58	18	13	11	17
3650094	35	69	21	19	20	17
135771	24	50	14	13	20	11
4229896	38	59	21	15	26	11
1959677	29	68	17	15	23	19
5631787	29	62	15	17	12	21
1591590	34	57	17	13	22	14
364188	28	64	15	11	11	17
3905727	24	58	18	17	9	18
923061	21	55	9	13	18	16
1769718	23	62	18	15	12	14
1512165	28	65	15	18	9	21
647411	28	56	10	22	15	9
3043721	32	58	20	14	19	12
4932722_1	28	51	15	12	16	12
4932722_2	28	51	15	12	16	12
3645371	39	66	22	24	28	9
6596363_1	40	71	21	17	21	14
6596363_2	40	71	21	17	21	14
4331056	32	53	15	19	15	13
4332312	33	61	20	11	14	19
3143265	24	58	12	14	23	9
3429408	35	55	15	20	25	10
53595	33	57	14	23	9	13
5126411	37	61	17	22	10	19
5039845	37	63	20	13	23	10
375432	26	58	16	17	20	13
4974873	35	66	14	13	20	11
710	32	66	9	14	9	18
4054112_1	27	59	15	16	21	15
4054112_2	27	59	15	16	21	15
607881	29	67	15	18	28	9
5629085	33	48	18	15	20	10
263057	30	49	9	10	12	16
416842	27	59	15	21	15	11
1114901	24	62	18	11	19	13
5671893	37	56	9	10	12	17
4954899	25	57	14	10	12	11
3607632	39	66	11	18	24	13
1109113	27	50	11	14	18	10
72628	30	51	19	17	17	21
1473500	40	54	13	16	10	21
346321	37	70	20	21	28	9
2252479	36	70	18	16	23	13
6079578	34	46	14	18	16	9
5227180	24	52	13	20	11	19
29539	30	62	20	18	16	16
1135111	38	51	17	12	12	18
2516331	32	61	22	17	26	20
6491670	34	65	12	12	16	14
752763	28	58	11	12	18	10
4004363	37	57	14	14	20	17
6300046	28	72	14	23	25	18
2978960	32	49	15	13	10	14
5113308	33	62	16	22	15	19
2493667	34	65	16	24	26	20
1566601	35	56	17	17	14	17
4321642	39	60	16	15	24	12
4975878	33	52	20	22	14	12
1910718	33	66	17	13	20	14
291050_1	38	71	20	14	26	13
291050_2	38	71	20	14	26	13
2765804_1	27	57	9	24	20	11
2765804_2	27	57	9	24	20	11
1904523	26	49	10	11	10	12
2372687	24	61	14	14	10	20
2166046	29	60	17	21	27	13
5718556	22	56	12	11	22	10
2561527	27	49	12	19	14	12
815601	31	60	22	21	15	14
2630321	31	55	10	10	18	15
1947009	28	56	17	13	15	10
911469	30	47	14	18	9	16
881987	38	62	12	16	9	21
5385439	24	59	18	10	18	13
3317919	39	67	18	16	17	15
912185	38	58	18	13	12	18
1172841	23	47	9	15	10	13
1730771	30	66	13	12	17	22
6143242	35	67	14	14	10	11
5918224	29	55	11	18	11	20
341391	30	68	18	12	23	16
349555	26	49	22	9	12	14
2402075	25	56	20	16	10	15
3243005	31	54	21	11	22	11
1528987	36	66	17	14	24	15
2491691	32	48	14	11	16	10
1992180	30	61	17	19	18	20
5362002	21	53	10	19	11	12
1571112	34	60	18	13	17	22
1486473_1	26	65	15	17	9	15
1486473_2	26	65	15	17	9	15
2260657	35	63	20	24	24	13
3245314	33	58	17	18	27	15
373894	25	58	12	21	19	19
2669357	31	68	16	21	26	13
324689	30	61	16	22	23	21
1414284	31	68	20	21	24	15
4934709	37	72	13	14	26	13
4671670	43	67	17	18	28	10
3681757	31	66	19	16	26	12
1200221	34	54	10	14	9	17
674727_1	30	66	19	16	27	19
674727_2	30	66	19	16	27	19
674727_3	30	66	19	16	27	19
5359358_1	38	62	10	10	9	15
5359358_2	38	62	10	10	9	15
89773	34	62	18	18	15	13
49670	36	68	21	23	21	16
5172399	37	60	16	12	27	19
854660	34	63	18	17	15	9
1216846	24	70	14	16	28	13
4009138	37	61	12	19	27	10
1210681	37	46	11	12	14	12
1763499	31	66	21	12	23	19
43948	33	49	15	19	13	10
4664459	29	56	20	10	22	12
3269058	24	63	13	12	11	22
3266052	25	59	18	14	27	10
6054039	23	56	18	10	23	17
5162378	28	60	15	13	18	11
5796144	28	60	15	16	15	14
2136322	28	59	16	20	22	12
4999382	32	61	16	12	14	10
1042494	34	59	13	22	15	10
5279106	30	67	12	25	25	11
4357979	25	59	11	10	12	18
865438	31	61	17	14	15	15
1812956	29	61	9	13	16	12
916969	34	60	18	16	13	17
5135064	31	61	17	21	11	18
5706697	35	63	13	12	14	12
876202	28	65	14	16	20	10
2208335	28	69	14	21	28	12
707946	39	66	15	11	11	14
2803085	26	57	10	20	9	20
6527349	29	57	10	10	11	10
3027419	41	67	12	22	27	15
1493812	35	60	17	20	15	18
5629727_1	32	52	19	10	13	12
5629727_2	32	52	19	10	13	12
5629727_3	32	52	19	10	13	12
4010919	24	49	22	13	15	12
5655654	34	55	15	18	15	12
1490139	30	66	17	21	19	9
2106114	31	57	19	15	18	19
391634	33	62	12	12	24	10
5550010	30	66	19	22	18	15
2487196	27	67	12	17	14	18
1249042_1	32	49	13	16	15	19
1249042_2	32	49	13	16	15	19
1249042_3	32	49	13	16	15	19
174539	25	69	12	23	23	12
5255071	27	62	14	24	18	15
1025630	27	62	15	19	13	14
2680505	30	61	15	12	28	18
796305	33	70	17	22	25	11
1469665	24	53	20	18	13	15
236195	34	66	21	12	23	10
1221074	35	57	16	17	21	12
5016919	32	69	17	16	28	9
4993426	25	59	12	16	21	16
2170236	34	61	19	9	10	20
1911568	27	56	20	10	21	13
1771916	34	63	19	13	11	17
2507600	32	71	11	14	23	12
122037	32	51	18	19	21	10
5144026	29	55	12	12	10	14
94261	32	63	15	18	26	13
639500_1	35	49	18	10	12	17
639500_2	35	49	18	10	12	17
253519	34	56	19	9	9	9
409581	25	51	18	17	23	10
2321105_1	42	52	17	16	12	14
2321105_2	42	52	17	16	12	14
117181	36	58	11	19	20	12
156801	25	61	11	16	18	17
2715485	33	53	12	16	13	17
435614	26	61	14	15	22	19
768073	29	57	17	21	21	15
1943011	33	53	18	16	25	10
295620	22	49	14	20	9	12
19894	32	67	16	18	25	16
1002916	24	56	14	13	16	19
5487952	36	65	17	13	21	9
4222135	22	64	19	19	18	9
295374	34	70	9	22	25	13
4373435	31	47	12	9	17	15
1916181	23	55	18	14	13	10
328350	34	66	15	23	27	9
629288	27	72	16	16	24	19
2847374	32	49	17	12	16	15
682495	25	43	18	13	14	9
4283691	25	63	10	19	14	21
2545553	39	57	21	17	23	20
329818	31	59	15	14	16	14
5318976	23	53	22	20	20	14
286835	37	61	11	12	17	22
5049311	32	55	21	12	10	19
5157351	21	51	16	11	15	9
1904391_1	29	61	17	23	28	11
1904391_2	29	61	17	23	28	11
2552630	25	50	13	10	22	10
1944338	28	65	19	21	21	17
5306320	35	65	20	16	22	22
1070163	38	66	13	12	21	19
3132054	21	50	18	11	12	16
5807062	38	64	16	15	24	18
872349	30	63	9	20	22	14
324468	31	62	14	9	11	12
395031	29	67	21	20	21	12
1515344	43	54	15	11	13	15
48128	28	50	9	13	9	11
585545	39	65	14	23	23	10
2026523	34	49	10	15	18	15
2609804	33	63	14	14	12	14
1262773	22	51	20	10	15	13
6104527	29	65	15	14	13	22
4935378_1	32	55	22	21	19	13
4935378_2	32	55	22	21	19	13
2680852	28	63	14	17	17	19
296939	23	64	17	17	19	14
6312724	37	62	14	17	9	18
1894870	23	54	13	23	14	9
3304636_1	32	61	11	20	10	18
3304636_2	32	61	11	20	10	18
5214376_1	29	63	22	21	20	10
5214376_2	29	63	22	21	20	10
2052975	27	71	15	13	23	17
3898610	31	61	10	23	21	18
4905760	38	61	13	15	24	12
2039494	35	72	15	25	24	9
2669127	33	44	11	12	17	10
141554	33	70	22	19	21	12
1706149	36	65	17	15	9	16
6495200	23	62	21	17	12	12
786577	21	49	15	11	18	10
2278957	35	50	10	24	9	18
5373527	36	67	17	19	28	15
768408	39	61	15	13	22	16
2532566	38	64	9	20	13	19
5726265	28	59	15	19	23	21
643276	39	60	19	18	18	13
4126604	31	54	15	10	16	20
1766665	39	66	15	15	20	17
1780754	27	72	14	12	26	17
39400	23	51	16	16	14	22
1118653	29	52	14	17	26	12
4905511	23	54	15	19	17	11
5927839	22	46	11	13	9	11
5087	36	60	21	9	16	13
2289203	27	58	12	21	27	9
2353153	26	56	12	18	23	14
132566	32	66	13	19	16	19
177313	40	71	17	13	28	12
1761520_1	36	52	11	12	11	10
1761520_2	36	52	11	12	11	10
440323_1	24	51	12	18	22	12
440323_2	24	51	12	18	22	12
1475051	41	53	10	10	10	14
610722	38	65	15	17	23	13
2590689	28	65	18	12	17	18
5477976	24	67	21	19	26	19
5292554	36	54	15	20	11	20
5140422	36	47	14	14	10	17
1828648	34	71	15	19	22	16
5184638	24	61	11	18	14	14
802152_1	35	71	22	23	24	13
802152_2	35	71	22	23	24	13
802152_3	35	71	22	23	24	13
134463	25	54	10	21	11	11
479015	34	67	21	22	23	20
3638701	39	65	14	17	24	12
1477927	23	47	19	12	13	11
2463484	27	70	17	15	23	13
2147464	30	57	11	10	14	20
583282	39	64	16	17	20	16
294531	33	49	13	20	9	11
230777	28	51	20	13	14	12
3693830	38	58	21	17	24	17
2197591	37	57	15	18	12	17
666053	30	60	13	19	21	12
4151735_1	36	49	15	17	17	14
4151735_2	36	49	15	17	17	14
6007998	42	67	20	16	22	11
3179012	43	69	22	19	24	15
1871715	24	50	12	12	17	10
3684390	37	64	13	14	9	18
365768	28	71	21	23	20	13
1792058	37	64	15	16	26	10
5294525	28	47	17	10	17	12
5879329	27	69	18	12	25	15
2518268	29	55	12	9	14	9
5137801_1	38	59	13	19	21	16
5137801_2	38	59	13	19	21	16
2965978	23	50	18	12	15	12
899773	41	64	20	15	22	17
5816869	23	62	13	17	11	17
5257286	27	71	13	22	21	19
2022110	35	51	11	12	11	20
851983	36	46	12	19	10	16
5633719	31	49	11	11	19	9
2361583	29	46	13	10	19	9
11372	34	59	15	12	12	10
4633759	26	63	15	12	18	15
3248162	34	65	13	10	10	9
1036452	31	55	16	9	23	10
4949745	31	61	10	13	19	19
3907767	35	67	12	19	20	9
146629	31	61	15	14	13	19
907817	33	56	15	22	19	11
5069319	43	68	12	18	25	15
3812239	40	71	16	20	28	16
3900989	37	69	11	21	28	19
4556731	29	68	17	15	23	15
1596355_1	42	68	21	18	24	21
1596355_2	42	68	21	18	24	21
4993335	36	61	17	20	13	12
1852558	24	56	21	15	15	17
1311079	34	65	16	21	17	13
12037	39	61	20	17	28	13
704354	25	59	18	15	19	12
6485286	34	59	15	10	19	15
4383485	41	65	17	15	28	17
408534	32	63	14	13	16	14
2920459	26	61	12	18	9	19
1992115	35	56	17	21	27	11
5361993	40	72	16	19	27	14
2107223	27	62	11	23	24	18
1895887	21	54	10	15	21	14
2711335	33	62	22	14	10	14
4932186	29	67	12	12	15	11
3891940	37	52	15	15	15	12
5800569	42	62	17	24	28	18
2482002	34	51	17	15	21	18
5005947	27	66	11	23	17	13
829912	29	65	13	16	20	21
4934619	27	65	12	19	17	20
4232788	31	62	17	23	22	19
760410	29	68	13	14	27	18
5117756	28	62	16	23	26	10
667988	31	65	19	15	18	11
2710344	34	69	13	15	18	10
4227236	28	47	17	13	10	14
986941	40	67	13	15	24	12
1820842	37	67	10	15	28	20
4277936	30	54	18	14	10	18
1032973	36	55	9	10	15	12
4211177	33	63	18	17	21	10
6022966	28	71	15	22	27	20
328590	24	57	15	22	22	16
5435	25	67	20	18	27	9
2477735	35	67	12	22	23	12
204761	24	55	21	11	10	17
2820566	31	55	22	18	18	11
5232598	21	55	13	20	15	11
360882	29	59	11	20	12	13
5721580	30	58	12	20	15	19
1236611	25	66	19	15	20	15
320889	24	49	14	9	18	15
2694108	36	53	14	17	17	9
5611374	29	58	11	17	9	12
88446	25	58	15	16	12	22
3350008	34	71	21	22	20	19
2808069	38	62	14	11	14	15
2154881	32	53	16	14	13	16
718067	27	56	13	16	14	12
4859700_1	24	47	12	10	14	18
4859700_2	24	47	12	10	14	18
6257530	32	60	16	9	20	11
876131	30	59	21	21	25	18
1110665	40	58	10	14	18	17
5693580	22	59	13	14	18	13
1780137	40	69	16	23	26	19
1771421	26	53	11	12	9	12
3004975	33	62	13	18	20	10
3186837	35	67	15	18	16	21
5010294	33	70	12	16	17	14
153495	25	69	15	19	22	11
812364	31	67	9	17	24	10
44415	29	53	15	10	26	11
241712	29	50	17	13	26	9
1493965_1	33	62	16	9	18	19
1493965_2	33	62	16	9	18	19
2088163	27	56	15	12	19	14
2230307	30	55	14	23	17	15
707355	31	55	20	21	12	11
2503012	36	69	16	14	26	18
1268094	26	71	17	15	27	12
3649431	39	63	14	10	12	17
3922919_1	32	69	17	12	16	17
3922919_2	32	69	17	12	16	17
2033400	25	59	16	16	17	18
3240685	38	64	12	14	22	15
694302	28	58	13	16	14	13
2029041	33	72	12	20	19	14
2449447	34	68	18	12	28	11
537247	34	50	11	22	13	18
4897508_1	39	57	14	12	19	17
4897508_2	39	57	14	12	19	17
1227473	28	72	21	17	27	11
2903043	22	62	19	23	23	14
1824457	25	47	13	11	18	16
2445155	39	63	16	16	18	13
4220896	28	63	19	19	12	20
5502929	32	62	13	24	20	18
61351	24	50	11	18	14	9
4819191	32	62	16	19	27	10
4018427_1	34	71	11	14	14	16
4018427_2	34	71	11	14	14	16
3543222	23	68	20	16	22	16
896169	26	56	19	16	26	9
1271257	35	60	16	17	18	9
5989507	30	49	18	11	20	17
2802155	29	58	21	23	22	9
2573523	34	61	13	20	26	12
6231584	30	70	17	20	25	14
6188772_1	31	69	11	12	18	16
6188772_2	31	69	11	12	18	16
5168484	29	56	17	13	24	13
440102_1	36	63	13	11	10	19
440102_2	36	63	13	11	10	19
668807	32	64	19	12	13	19
5114143	21	53	10	9	10	11
441463	31	53	11	14	12	13
2393370	27	64	16	20	26	15
3953354	31	63	14	18	24	9
4459005	27	72	20	23	25	22
1380835	33	72	15	21	27	13
4324520	34	57	10	17	14	14
2129237	32	62	11	21	12	21
5739889	25	51	17	11	11	19
334567	35	44	14	15	10	9
2545911	34	62	15	9	12	17
789463_1	26	54	17	16	24	18
789463_2	26	54	17	16	24	18
789463_3	26	54	17	16	24	18
2061797_1	38	54	9	20	12	14
2061797_2	38	54	9	20	12	14
1859319	37	71	12	19	25	18
5175666_1	31	67	17	13	13	20
5175666_2	31	67	17	13	13	20
678647_1	29	61	16	19	24	18
678647_2	29	61	16	19	24	18
6045577	36	61	20	12	27	17
29480	38	60	13	22	27	15
1572513	28	70	10	20	26	17
5638690	22	58	14	20	20	12
5666305	27	48	11	21	12	13
1530477	37	59	22	17	23	22
1980470	35	64	9	11	11	20
1019944	33	63	16	15	15	14
1968180	33	56	18	17	10	14
2810796	31	55	14	16	21	10
2087316	29	68	21	19	21	16
2819880	32	51	11	14	17	20
5182259	31	65	22	15	19	13
5127400	31	57	17	22	14	14
6072800	30	53	19	17	14	14
3742208	31	49	13	10	21	9
5134556	39	72	20	17	26	15
1859709	28	53	13	23	16	12
2785348	22	63	14	14	17	12
912169	34	61	14	10	12	14
5057799	32	66	17	12	12	20
320759	25	62	16	13	16	14
5597403	35	57	11	24	22	11
1806349	24	64	13	18	15	15
365166	42	65	22	19	28	11
947494	30	59	15	24	16	12
5195574_1	24	71	15	14	28	12
5195574_2	24	71	15	14	28	12
1815420	22	49	14	9	12	16
1530383	37	58	16	21	10	20
458968_1	34	57	16	17	11	11
458968_2	34	57	16	17	11	11
1867043	27	57	21	22	11	13
5887800	40	70	22	23	27	13
5687903	41	64	12	11	18	16
142128	33	69	10	18	17	16
6182812	36	57	17	12	19	14
6436980	31	64	12	15	27	12
138824	38	52	18	19	11	10
2060592	37	71	18	13	24	11
2532538	28	69	12	16	19	15
787302	29	55	10	10	20	18
732441	40	67	18	13	27	19
3929921	32	49	9	17	10	18
1810525	34	67	12	17	24	9
4251559	27	45	12	11	14	19
1990077	33	49	15	17	17	17
804965	27	72	16	18	17	10
1489922	37	51	16	20	10	15
463103	29	52	11	15	12	13
2463365	27	56	19	9	15	15
5709420	27	69	18	15	13	12
5786101	37	54	18	20	12	15
1195600	43	49	9	19	9	18
18706	35	67	20	12	11	21
655630	31	58	13	19	9	17
2682558	33	57	10	22	22	15
6181467	31	69	16	18	28	15
5883925	33	66	20	18	12	13
1320038	22	61	18	16	22	9
2217836	25	62	19	18	27	17
5359131	41	61	18	15	19	14
1705505	27	56	14	19	10	13
693663	36	50	10	9	17	17
3563043	33	65	10	15	27	13
1708590	34	52	13	10	11	16
42992	34	50	19	24	17	14
5095650	28	65	9	19	12	10
5853376	25	59	22	16	12	10
5966014	31	66	12	23	27	15
824682	36	62	21	13	17	15
5134823_1	32	69	19	15	21	18
5134823_2	32	69	19	15	21	18
3043735	35	72	16	13	24	15
677	32	60	18	20	22	14
1764341	34	68	15	15	20	18
5630753	40	55	10	10	15	11
1944064	32	67	22	22	25	18
5076217	37	50	17	19	11	15
3232348	33	67	16	12	19	21
5185947	26	59	14	18	13	15
174571	29	56	18	15	10	13
4448710	30	65	11	20	18	11
4663728	22	60	19	17	13	15
2346407	36	69	13	16	23	14
498285	33	56	11	13	18	19
2005643	33	60	18	24	20	15
2206455	37	46	14	9	14	15
2021627	36	67	18	17	22	20
2889374	23	54	15	21	18	9
1056939	33	67	9	17	25	15
1505881	26	71	13	23	21	10
5111686	28	72	16	12	28	18
414567	42	54	14	20	11	18
248630	23	62	20	22	18	14
710444	33	57	10	18	26	11
1789804_1	25	56	12	10	19	17
1789804_2	25	56	12	10	19	17
290449	31	44	9	15	17	14
144427	32	59	22	19	20	14
5477870	35	68	21	17	27	15
1490246	38	70	17	21	28	18
3145011	25	46	17	12	13	10
292626	36	66	13	16	23	22
6023306	31	72	18	13	21	10
2683207	26	58	21	21	19	11
912097	35	62	13	11	22	16
2229618	35	65	9	16	15	18
33639	34	62	18	16	24	12
4952549	34	62	22	16	27	15
4368642	34	61	19	16	26	14
764893	32	72	14	19	27	14
1032680	36	72	16	16	27	19
1385233	30	62	14	15	16	9
2692316	38	60	9	18	19	14
1317182	37	62	9	15	12	14
3403014	28	65	19	18	19	18
5915732_1	27	53	21	15	16	13
5915732_2	27	53	21	15	16	13
5855060	24	49	17	14	12	14
1926661	35	65	18	14	23	18
5980211	33	69	10	15	21	17
2251723	26	63	13	18	28	17
7027	36	70	21	20	26	12
5662117	38	67	12	20	27	14
6011982	31	65	14	23	19	13
353127	27	51	15	13	10	16
4370	33	48	12	14	18	12
5227666	25	61	17	14	15	9
2041177	30	55	22	15	17	13
