0.135413479544954
0.668992122480609
0.785421747638436
0.639721373321422
0.680460351340578
0.626604059277334
0.626417368566859
0.338833235556527
0.493575156005876
0.493575156005876
0.49333591052329
0.522565515648268
0.572572557918238
0.539817073170732
0.496357037236188
0.708699789895683
0.176470588235294
0.0798881365911098
0.361082583797779
0.508908487186723
0.678077612928165
0.563523495751691
0.606516048384601
0.484612897140855
0.522030212880786
0.464435666446139
0.495182306297359
0.357843792047513
0.357843792047513
0.731101461564687
0.489059155229269
0.55592568825541
0.459004597533046
0.586091339955075
0.449432210833875
0.449432210833875
0.416444290200243
0.451892858656889
0.451892858656889
0.451892858656889
0.488716894374412
0.335191759417847
0.428531490804345
0.473082718641001
0.421691206053699
0.414865251236485
0.417347071376346
0.544774043270865
0.166956846860882
0.20297120780057
0.20297120780057
0.424291980546456
0.407688327303215
0.407688327303215
0.296999191602183
0.435711344381777
0.400179607689052
0.400179607689052
0.44652843329085
0.425794317366409
0.0746523354484464
0.37387493734824
0.404243744817924
0.145513819985825
0.174773011946587
0.382380064073191
0.51575181995972
0.447356269891563
0.545970383968485
0.591788843095164
0.348160064015465
0.280536989014965
0.335562310030395
0.493122472140844
0.512094139231155
0.410071837865005
0.0785831152776147
0.369690804863378
0.328050778287119
0.401109607519768
0.348419640989853
0.420872332685701
0.349555169697241
0.490914659044508
0.420143244014277
0.361687861472809
0.167847448598919
0.35070055185956
0.261865719660186
0.19487196805741
0.392523364485981
0.411217264917122
0.32915237894101
0.515237863722598
0.397397705872282
0.477820270979727
0.486045786514617
0.486045786514617
0.375571930299038
0.300746813495637
0.316347457359937
0.316347457359937
0.32275544651016
0.39012825617004
0.308786146017229
0.319349942860431
0.324775870082108
0.360949293217482
0.284061867986911
0.0379416018657097
0.578286411558331
0.0997494363817573
0.284406618819147
0.359002473477588
0.195821744295331
0.19515349932512
0.37731150883273
0.443654004311903
0.29643592825598
0.207687313993632
0.307291889095198
0.307291889095198
0.283248956043127
0.303920358515218
0.475018428682776
0.475018428682776
0.112286674824251
0.112286674824251
0.29282814411932
0.473138477343567
0.427630188283268
0.270326347351412
0.302180893628583
0.170954043966114
0.149227649208755
0.393896480014289
0.40752831753008
0.315366472982218
0.295041449052194
0.382047207156348
0.42004320707958
0.347668593159604
0.238443878101692
0.28281360667558
0.261148803485565
0.261231700479022
0.367693357058118
0.462335861256502
0.27864485883579
0.338437932116324
0.278514232249259
0.430584533094796
0.0750107920491555
0.329348414860087
0.303495725725367
0.303495725725367
0.336491692410115
0.330951138077294
0.321910618034641
0.304619668449025
0.353472612059231
0.224299065420561
0.38389100930691
0.318318869175222
0.380831010911126
0.349555777319374
0.3325795225342
0.267911217192455
0.39104953358975
0.296368413880596
0.327272727272727
0.0766470647490466
0.338028169014085
0.0854113180732424
0.335503759709606
0.309826558215965
0.327824799226211
0.276426759896729
0.298036284393856
0.305062130941007
0.316359831206638
0.402292592826543
0.269741414365667
0.344596695650879
0.282195071975825
0.266591251789709
0.357827304042507
0.295932176004828
0.247668328322664
0.24964987446225
0.253812296308873
0.282605502418914
0.333788205453393
0.280768393937425
0.252250296563016
0.233947064634977
0.0929683240509981
0.369943845618366
0.27797351528328
0.302315074818725
0.284410924858058
0.334556471053099
0.334556471053099
0.268071670712443
0.201821595560664
0.273408773431895
0.166501982040091
0.166501982040091
0.304720375762614
0.351373791744187
0.259046870734023
0.259046870734023
0.352941176470588
0.167985126647043
0.280125498083234
0.141201566935263
0.443995313395241
0.185900725196908
0.261327066220211
0.150195518589926
0.372374413704031
0.372374413704031
0.294082612245256
0.240819928452768
0.240819928452768
0.19481180332659
0.265362578852943
0.235898080900211
0.208535394954899
0.302556853118221
0.224949006599255
0.338203215231503
0.285094188940306
0.247131710075032
0.352517769337168
0.284742403860307
0.202279265831432
0.337158744505572
0.361228584869891
0.262528557447382
0.203230024991332
0.263525451420188
0.295808600735548
0.342110460047868
0.24860342346863
0.310566060525923
0.263300654888355
0.236698866716412
0.175395879550218
0.233783928543372
0.318260335618351
0.295536813602154
0.256026319432864
0.252734569718672
0.252734569718672
0.31819856851097
0.240101488052943
0.382484932658063
0.119270612396904
0.201199755956148
0.252883296398907
0.153525425433817
0.188357629743501
0.359218260788833
0.316010116630273
0.316010116630273
0.196654366728036
0.234953846562404
0.159768443811213
0.257111925625744
0.160547103340858
0.406939875081088
0.288865504779661
0.252443800518453
0.190858943657692
0.14860926238795
0.283394962590206
0.294350887634192
0.204797544126902
0.214591952989147
0.263678396475327
0.245431404613724
0.287398204375288
0.040569440773514
0.369505808919683
0.362006259200495
0.156840854555834
0.256545450196683
0.193281345318047
0.192261902277257
0.227570257044506
0.122505546244897
0.327297608164611
0.252205452078658
0.239451681264747
0.313393669266789
0.287490070014118
0.278269375784444
0.218102052285154
0.218102052285154
0.180440768069322
0.207271836299057
0.233376366534863
0.147004137519099
0.250259270556226
0.219638414287998
0.31058423987008
0.248696540516141
0.248696540516141
0.263860800237438
0.239582954899169
0.291787950370492
0.354983263439431
0.132672515967485
0.293777601431891
0.18997565534225
0.150374221091812
0.150374221091812
0.212569425931102
0.337271164951217
0.0549019607843137
0.212235601542354
0.247152874183448
0.247152874183448
0.247152874183448
0.29505485210919
0.220901556082137
0.220901556082137
0.229542218455933
0.0680520731731724
0.266702498391805
0.258635552895971
0.289554788162341
0.189393338798516
0.225200531009853
0.273892638374518
0.276658995097298
0.246877223347302
0.238154956476745
0.129608536968291
0.218623136811212
0.255297661925703
0.309746326606423
0.309746326606423
0.233175080739621
0.321784925280099
0.215156157021074
0.340436212495993
0.168707115524566
0.258599927808109
0.201338163353866
0.203063808519508
0.259789546317061
0.226482765699946
0.0299934630368695
0.184217050514126
0.240429612581511
0.270083957986983
0.174224968929434
0.210614505950042
0.149941931046406
0.271507015130674
0.278756141003787
0.269810084668674
0.263321708971649
0.195888443849729
0.174472260203572
0.238267148014441
0.162644484466209
0.218555350980482
0.221003410863997
0.196141520546481
0.26197698547917
0.122167855009505
0.255322596358453
0.222281809871122
0.29266417242618
0.234343727338651
0.234343727338651
0.186706904816539
0.152185822258403
0.258744086113112
0.297167478220578
0.215794201996218
0.294432786376742
0.247860415974644
0.233846953952895
0.249294670251917
0.230188486697758
0.226965382887891
0.255693424258892
0.168636613891672
0.102091677385491
0.240699701883432
0.220821656934808
0.202588040020287
0.250803858520901
0.280484740224161
0.263647739280393
0.291953569813421
0.259031818413201
0.235441229341408
0.156378970621375
0.263448910014461
0.188581000857428
0.179213462010942
0.131679108749421
0.142921982136779
0.267572978000079
0.215326839022245
0.195053285847318
0.169501699108339
0.215884845305618
0.215884845305618
0.158241915347918
0.164106888007248
0.190440455165136
0.205555979063428
0.209697807824723
0.307052410585107
0.220607377502277
0.176710077329129
0.176710077329129
0.176710077329129
0.173204526454485
0.119165728640028
0.235693447937681
0.233807899316615
0.225144143551174
0.30996233902752
0.254843511170145
0.19912119654077
0.259128994701782
0.262911674218928
0.150620866090082
0.216654654766316
0.160225629872331
0.246010275247574
0.199634202825134
0.151668845315904
0.138239372391128
0.174107981178231
0.270459671895757
0.165564707888955
0.228701118104999
0.159237822958798
0.15546317310491
0.217383992928545
0.24274159522313
0.236326645162258
0.199323305894981
0.229670100493539
0.131019318310939
0.224501618281047
0.247519578105995
0.228724801292975
0.203786051466086
0.191095846364221
0.237119771103205
0.179513611057354
0.225597124192381
0.239916639659888
0.137564429317513
0.200925860923542
0.200925860923542
0.194706762445998
0.212766235315731
0.230802765831009
0.230802765831009
0.214246285269867
0.146124472929683
0.153031036251458
0.170162584871033
0.198019574783228
0.231553129775079
0.271951424306095
0.109544516509492
0.161810989121718
0.090190826621523
0.256334746060043
0.16005853540763
0.232835820895523
0.17591391856464
0.206117811088559
0.220963172804533
0.194954253211662
0.241967815986393
0.15592889882149
0.193781299007834
0.261044369094143
0.236341817249385
0.236341817249385
0.236341817249385
0.197123937149798
0.238246792724701
0.232595073543806
0.17195843388722
0.237616018687183
0.142891672596423
0.134512558341397
0.0747350683360495
0.0747350683360495
0.145083314101993
0.145083314101993
0.203185095682994
0.209074372470826
0.184523395595821
0.146049041579236
0.179787912406915
0.163869861441912
0.196036057711509
0.164678926021095
0.151108678461626
0.227330414229388
0.185189669542136
0.150329404785073
0.172753973484228
0.15578524007367
0.14288785581543
0.191117388098813
0.188301706801898
0.213824606560104
0.188993923637369
0.202126657604301
0.231451031240182
0.101787387610878
0.189985705373114
0.189060657547483
0.0835125106193173
0.120103777932609
0.211150430866775
0.174220804239037
0.174220804239037
0.166785707609183
0.155373652070004
0.241534302908312
0.124423579689931
0.176400794384666
0.132395907414252
0.211267605633803
0.177044950882478
0.233691332103172
0.195214540795864
0.213382224029782
0.156953144029688
0.157348236316317
0.191408439159737
0.20543093270366
0.137936111233666
0.0710171168988489
0.225166434773521
0.229447720832463
0.189746085838823
0.160427807486631
0.262619839845018
0.157153587322262
0.188590707457333
0.145477240887917
0.237321439909514
0.237321439909514
0.171493252674358
0.141694664123943
0.160061993296499
0.179616396729753
0.156235175907965
0.177741805497985
0.214183345688164
0.100464729005233
0.207085429607194
0.180458756937029
0.246867307455302
0.171618224373237
0.14987408588977
0.255500999354057
0.189796452556846
0.132418785202818
0.165850664711855
0.165850664711855
0.217267905174785
0.217267905174785
0.222232799540743
0.228195592946599
0.228195592946599
0.150950161632262
0.164463242588365
0.195354460651191
0.194229566771108
0.183596737766505
0.13239771140254
0.115809152762643
0.132887153784144
0.0897119275816773
0.11131416089952
0.147400380557749
0.0973507821424856
0.161554222941522
0.141546662974245
0.16274462675035
0.181472719579691
0.134508341014074
0.111562394018177
0.172156218139448
0.0892730862696091
0.226320183955812
0.181990329749781
0.229883375101102
0.217396259569672
0.153524140483861
0.178247519516296
0.178247519516296
0.168344766651113
0.181701948266095
0.148431741917027
0.196040750253909
0.147053954883842
0.171535121719813
0.151576435659977
0.16006726661851
0.187073668285688
0.154410147498873
0.0648431137624284
0.179664078348415
0.217153950446248
0.126212200444843
0.173841588533264
0.156487919861147
0.0858788390554238
0.141239205837412
0.133413445506648
0.133413445506648
0.14251410548987
0.160254971243943
0.173071382827215
0.189494131930393
0.229465134364469
0.168435135774824
0.266313091933412
0.141416899097621
0.141416899097621
0.128839531600857
0.11764284855616
0.220504622286068
0.124603587599136
0.124603587599136
0.118596124818648
0.11521282994929
0.118501629315406
0.215645543731107
0.15923189521761
0.123288541673934
0.111646966061948
0.187212618044075
0.102888451183654
0.10821275731888
0.0580193520832224
0.160945394683016
0.149821523659373
0.113575920996365
0.228512994815451
0.235395245261678
0.139848118190072
0.207652053511433
0.121440314932074
0.163268480760897
0.153387676700608
0.128145170833564
0.179490199497495
0.19951892832032
0.167318071152618
0.196288107696967
0.092453109401488
0.184257651787131
0.162222983381899
0.124618078653166
0.177875798026697
0.110882367048541
0.110882367048541
0.118434405897225
0.191850889545386
0.100289285809071
0.230870335850479
0.155821132898177
0.149647058823529
0.100688707203486
0.114876307807248
0.162626265865442
0.192215704490929
0.21744863568923
0.156242696629214
0.197409017421111
0.193027841695373
0.0895422393970724
0.145348165329284
0.221027785995547
0.0693073848336821
0.0946615860322976
0.138702346300997
0.152063851763438
0.167267987901751
0.167267987901751
0.122178021730099
0.169114161824482
0.168810971299307
0.104119381630101
0.15980459873493
0.140747895906822
0.174293979771362
0.163882155572111
0.163758273443241
0.117554962243292
0.13531015154739
0.0995788179046544
0.211675013080201
0.134723092626618
0.14699451838606
0.170704416892794
0.166172057967724
0.150101294080118
0.152418696498228
0.150451619351091
0.143376440450919
0.157057187017002
0.171378742460893
0.0354363061371716
0.153012720662751
0.130196505732361
0.0738655246287505
0.140263280399524
0.140263280399524
0.140263280399524
0.151323644786491
0.193137505321413
0.165688676987743
0.0722881933760589
0.0476653594497106
0.157350731110576
0.165171554004801
0.112576765928652
0.126708439876804
0.102028112622534
0.139812648003413
0.131382860949816
0.127597311492283
0.159874818814424
0.146341463414634
0.146341463414634
0.134785711377329
0.115152612670502
0.194885872766341
0.132266703579853
0.189371133868712
0.156247886749103
0.174119755107856
0.185358865167243
0.0769989324220334
0.177777777777778
0.0927183203064779
0.136001720670699
0.0533017348295861
0.158285227564872
0.16353152821594
0.141395159344855
0.163582222868796
0.108942744340075
0.0704476660969331
0.146679701357472
0.157476679927766
0.167542990076867
0.0788688590850635
0.145184248506393
0.145184248506393
0.143461438139643
0.0975056421950172
0.0975056421950172
0.126944817802277
0.166549463068051
0.0899927453220714
0.155106256206554
0.102828978043924
0.0942159510633984
0.143677048113366
0.0472582802661521
0.122019754192478
0.142317928648047
0.101311560005951
0.101311560005951
0.125810351746483
0.120067097346372
0.143172464076801
0.190378454250107
0.163726783152903
0.0952597438731867
0.18357029756321
0.221133709765724
0.133802557451275
0.10774658776156
0.159717084828223
0.1656287862064
0.100093688145181
0.127371283164727
0.0666403405902478
0.152179394258392
0.131433274122468
0.13887760482641
0.186006295290299
0.158102615773252
0.0815691590789654
0.112244793601239
0.124588583744546
0.176466434281766
0.118135947274012
0.0251037212324317
0.0656169837582411
0.0769122348522478
0.0988364401474969
0.132580776834113
0.132580776834113
0.0822635659145775
0.0822635659145775
0.14872706266708
0.177359142905413
0.121320379257207
0.142385805410955
0.0684755316933579
0.0892890902984607
0.177775624878899
0.0766261465307415
0.123856377308734
0.171670715134134
0.137747568355128
0.120772704015544
0.196294397520593
0.0885388018942329
0.0817314502178867
0.168720918791069
0.201168023437741
0.144680985193346
0.122385551608399
0.155517527353997
0.139533651398235
0.113207547169811
0.146759238257204
0.129327993921365
0.0658605901611944
0.119058512982348
0.137509129515364
0.137509129515364
0.143399403710247
0.0988805876370971
0.127433243929821
0.125177936576682
0.135528276117103
0.0960015291522611
0.165513458284446
0.0837603616211847
0.138854570934249
0.101040252629883
0.103715231402738
0.103715231402738
0.103715231402738
0.167790132576252
0.167790132576252
0.155274980957688
0.130318942407472
0.16478190930727
0.0678915298549204
0.141299345725205
0.151434024694318
0.124250729603841
0.120386255566637
0.134956997619363
0.133647753525245
0.204404599270707
0.165220971020638
0.0859361484453558
0.143960860756836
0.152378654164369
0.112676813553879
0.0893241834922102
0.140797477805893
0.137404580152671
0.148286877820799
0.111511109796665
0.142662509570851
0.108349547811514
0.115631760830664
0.157559792283854
0.0984934086629002
0.123573658436667
0.181255813014058
0.157197608765661
0.138986635550441
0.135229874304764
0.119171616710354
0.0823344198007969
0.0823344198007969
0.0823344198007969
0.0908593474009029
0.10664795324074
0.136671090297505
0.0558161192477107
0.0990805629050106
0.0989993515811266
0.0309791857819372
0.112948700968413
0.112948700968413
0.112948700968413
0.112463528673459
0.112505544082539
0.101018983424615
0.148699815326744
0.104504504504505
0.12831616370401
0.110871648896734
0.0885391548158739
0.116109556111506
0.104278076162583
0.0890406735847576
0.0879238050687585
0.13929194956353
0.104696522397604
0.0996988679158072
0.142605598852614
0.130821448165578
0.146082018570917
0.146082018570917
0.145891887967696
0.119869940824547
0.0325115151627536
0.0325115151627536
0.0811414116336242
0.127264659568543
0.113860424789427
0.120021047877042
0.12163388231803
0.100324564854435
0.118967646578558
0.134043843511564
0.114215727161318
0.137257187956894
0.135218137859902
0.0518643137923089
0.0923334328948976
0.119297813398244
0.0875207339184796
0.161182383699346
0.106110450836139
0.11706768331405
0.105969931396876
0.125968363049436
0.0952063361084282
0.100531299832331
0.148000540292248
0.128686149010536
0.116805821935462
0.119636451784694
0.119636451784694
0.0857474443282501
0.092914213259886
0.105952077576837
0.108583978733
0.113210559448879
0.0915221049108606
0.164676601938061
0.0990858221475536
0.15208869677042
0.154582995460719
0.126927841514646
0.114129000054732
0.101529004896452
0.125009268390825
0.138741710825929
0.167580096236023
0.0989480613551593
0.0989480613551593
0.130115702479339
0.108497136698322
0.140932566439301
0.092365323050906
0.128175828104344
0.128175828104344
0.125178134272525
0.125178134272525
0.140409009146727
0.138139454567851
0.0828070783144086
0.113763422692193
0.0947952443857335
0.141324145276987
0.106508712023146
0.11751577746643
0.12340900538527
0.110258643113089
0.137069707608161
0.0882286094032965
0.116993997412283
0.103040213136573
0.0700117570943772
0.101763046244003
0.104178795020727
0.107202952416898
0.121023046252526
0.109093406823304
0.0488269738814328
0.143143669134386
0.0753104231895059
0.138088219219549
0.145725931361928
0.109660108811413
0.141404429318141
0.128195161514169
0.128195161514169
0.111972179739562
0.111972179739562
0.125177826305501
0.0904036164855541
0.0757913168229004
0.0935892581071069
0.101784351468787
0.122793615053677
0.0342855900649957
0.116991643454039
0.122124622666516
0.122124622666516
0.122124622666516
0.0917588351218892
0.104514964794143
0.0804158234117373
0.0726309089922317
0.135795507150011
0.116418590522478
0.069206524849359
0.11023035234713
0.126695306427152
0.0883042992455503
0.103743639590734
0.0971379612334116
0.0934724673911756
0.0934724673911756
0.0937626074375177
0.107307076204131
0.0754057399060213
0.137551135962365
0.0684284010601661
0.100016795679858
0.092720613201754
0.12547077645753
0.0221748667615291
0.121047211619904
0.121047211619904
0.104499799447006
0.0827810440972226
0.10798367900504
0.085454886376798
0.121673917039516
0.113934093926205
0.0757154828624187
0.132378354618565
0.0950536728113933
0.0987452568806349
0.0478625387205381
0.093504501573663
0.104104903981401
0.0816698768646932
0.0922663714478168
0.0666372983861261
0.0735324868356183
0.0895255964155531
0.101414613344705
0.0938420252817117
0.0919919965678136
0.0919919965678136
0.102197256033799
0.0936296704470749
0.116777251184834
0.082580644483218
0.0893771278320508
0.0843378937903172
0.0987190885569502
0.112522343749191
0.0583199310598627
0.0890654754907722
0.0934574727902195
0.0785660509273417
0.0807743783346817
0.127956021229994
0.131624925649486
0.1046470274324
0.117272361818516
0.0919165098199714
0.116780540390454
0.113549444107043
0.087776714663371
0.0535455223473835
0.0964677176016846
0.0810527817323989
0.113982091617935
0.10696502869915
0.128059273130583
0.121383038211654
0.112855241228089
0.0405233466069545
0.132611945316581
0.104504504504505
0.0756433654639074
0.0505390569327394
0.107816642357193
0.0743315338484512
0.0827863060626327
0.0967505480986648
0.105581352622585
0.0913878840150566
0.0838235059296915
0.0566491886332502
0.0936021970573086
0.0490294704365897
0.11566265060241
0.113460007544791
0.0813213095373307
0.077845356675641
0.0979792468060736
0.0854333619778502
0.102450071629071
0.102450071629071
0.104779411764706
0.0643333282318133
0.0972015557993415
0.0933835081520455
0.0684619254818153
0.110837550856546
0.0965816598112751
0.0980573828716141
0.0908232288959361
0.0743842128813576
0.0900199498260868
0.112552285969276
0.0741891279311253
0.121499125203762
0.121499125203762
0.0927851579269373
0.0789119553685216
0.0851415879352961
0.088235294117647
0.0957662736245054
0.115205999711552
0.111642413936628
0.111642413936628
0.0690104123984829
0.097173577733462
0.088293170492456
0.0540144519608426
0.0934316522199515
0.0612037199822332
0.0948002569294693
0.0948002569294693
0.0953058176387019
0.0673543917325282
0.0685444014701359
0.0867605910638709
0.0722975904896798
0.0509391609581799
0.0882926875253349
0.071725779520904
0.0920388903419978
0.0920388903419978
0.0928663901067005
0.0885492757649016
0.0627835419197985
0.0787961841174669
0.0857142857142858
0.0808093495753376
0.0672601042322944
0.0773174053120559
0.0773174053120559
0.0699478164274094
0.106280193236715
0.106280193236715
0.0650477589242659
0.107368771031056
0.0717306946826948
0.0618775082420574
0.0579528542399088
0.0657791732031789
0.048431649061644
0.0728707153823659
0.101755707615292
0.0721167922154447
0.0874258426966491
0.112780509110619
0.0796677693187677
0.0796677693187677
0.0796677693187677
0.0959302230546664
0.0959302230546664
0.0697495977219577
0.0875283367694026
0.0875283367694026
0.0813824919382412
0.0813824919382412
0.112633244042321
0.0788939350656178
0.0242282171157684
0.0680256987057072
0.0722108696849278
0.0649528384837918
0.104894553001184
0.0616806462725028
0.0585005174361454
0.099352880448923
0.0655320528317224
0.0700391210972696
0.0918887832673375
0.060626843678416
0.069015019577105
0.0821217738026664
0.0652629088517972
0.0575454533473129
0.0667085211798523
0.10059680853099
0.0904144297495429
0.0583771291456418
0.0454877202078798
0.0767005700775554
0.0370501151614695
0.0474281397683411
0.0719734341697141
0.0719734341697141
0.0815321765007574
0.0729264324617633
0.0774277706758491
0.0774277706758491
0.0397076236020793
0.0633294836072738
0.0620559053848472
0.0854101300560337
0.081261937223654
0.0861593388615677
0.0126599772375105
0.0969062796983879
0.0831357029179653
0.0462874079780023
0.0832166228131005
0.0735341212352271
0.0804918303492485
0.0665188470066519
0.0630413328312274
0.0665076704802626
0.0715219954843183
0.0772132741492286
0.0364761051692856
0.0893724647513507
0.0403393425937657
0.0565047347102547
0.073579992487007
0.0609799447519848
0.039037007804886
0.0744985722974483
0.0524274737992232
0.0492159067942893
0.0493383769577526
0.0709460602983487
0.057614097359862
0.0944322528241555
0.0615428688189023
0.0287364669297919
0.0386676365721191
0.0679083639160778
0.0767720143064866
0.052526106682706
0.0730565090719389
0.0714804912296299
0.0714804912296299
0.0700455563455097
0.0208476549958655
0.0696383924820466
0.0758782350953466
0.0491773704754624
0.0524684759858835
0.0543362465452867
0.0431533112524909
0.0522707504886268
0.0745918281070563
0.0481048968038701
0.0673110642303112
0.0210889245365556
0.0438845953310982
0.0507113730964143
0.0573429480407544
0.0226914155551296
0.0626534268792043
0.0500913158282867
0.0523256526797691
0.0287582914810825
0.0460269665210403
0.0174809805263079
0.0580132252580607
0.0580132252580607
0.0518062083620215
0.0484394004422478
0.0341103961882967
0.0407826812706721
0.0311696343659918
0.0436258769827122
0.0643827418339946
0.0387622552489558
0.0558601554665716
0.0427400605272051
0.0264685249950938
0.0239947012279914
0.040541102871802
0.0187973659684851
0.0248570294818891
0.032665371774909
0.016469384292408
0.0239505890207628
0.0223982192340093
0.0306587419216814
0.0306587419216814
0.0334588003971093
0.0369603740520644
0.0229755339084056
0.0243984005919833
0.0188891247905686
0.0232254976716527
0.0176876969724119
0.0238025766229861
0.0217673815012173
0.0132557008554689
0.0113891594685521
